"Time (s)";"Temperature (°C)"
7,984781800E-2;3,002734375E1
1,456293240E-1;3,002343750E1
2,456293240E-1;3,006250000E1
3,456293240E-1;3,007421875E1
4,456293240E-1;3,009375000E1
5,456293240E-1;3,007421875E1
6,456293240E-1;3,009375000E1
7,456293240E-1;3,011718750E1
8,456293240E-1;3,011718750E1
9,456293240E-1;3,013671875E1
1,045629324E0;3,017187500E1
1,145629324E0;3,009375000E1
1,245629324E0;3,011718750E1
1,345629324E0;3,015234375E1
1,445629324E0;3,016015625E1
1,545629324E0;3,016406250E1
1,645629324E0;3,015625000E1
1,745629324E0;3,019921875E1
1,845629324E0;3,016796875E1
1,945629324E0;3,019140625E1
2,045629324E0;3,019140625E1
2,145629324E0;3,019921875E1
2,245629324E0;3,024218750E1
2,345629324E0;3,024218750E1
2,445629324E0;3,023437500E1
2,545629324E0;3,024218750E1
2,645629324E0;3,028515625E1
2,745629324E0;3,026953125E1
2,845629324E0;3,025781250E1
2,945629324E0;3,029296875E1
3,045629324E0;3,033593750E1
3,145629324E0;3,028125000E1
3,245629324E0;3,030859375E1
3,345629324E0;3,033984375E1
3,445629324E0;3,036718750E1
3,545629324E0;3,038281250E1
3,645629324E0;3,040625000E1
3,745629324E0;3,045312500E1
3,845629324E0;3,041406250E1
3,945629324E0;3,045312500E1
4,045629324E0;3,044921875E1
4,145629324E0;3,043359375E1
4,245629324E0;3,045703125E1
4,345629324E0;3,047265625E1
4,445629324E0;3,044921875E1
4,545629324E0;3,045703125E1
4,645629324E0;3,046484375E1
4,745629324E0;3,048437500E1
4,845629324E0;3,050781250E1
4,945629324E0;3,049218750E1
5,045629324E0;3,054687500E1
5,145629324E0;3,055859375E1
5,245629324E0;3,052343750E1
5,345629324E0;3,056640625E1
5,445629324E0;3,055859375E1
5,545629324E0;3,057031250E1
5,645629324E0;3,057421875E1
5,745629324E0;3,053906250E1
5,845629324E0;3,053515625E1
5,945629324E0;3,056640625E1
6,045629324E0;3,060546875E1
6,145629324E0;3,058984375E1
6,245629324E0;3,062500000E1
6,345629324E0;3,059765625E1
6,445629324E0;3,066796875E1
6,545629324E0;3,062500000E1
6,645629324E0;3,061718750E1
6,745629324E0;3,069531250E1
6,845629324E0;3,071093750E1
6,945629324E0;3,069140625E1
7,045629324E0;3,065234375E1
7,145629324E0;3,067187500E1
7,245629324E0;3,069921875E1
7,345629324E0;3,069140625E1
7,445629324E0;3,068750000E1
7,545629324E0;3,068359375E1
7,645629324E0;3,068359375E1
7,745629324E0;3,067968750E1
7,845629324E0;3,068359375E1
7,945629324E0;3,075000000E1
8,045629324E0;3,069140625E1
8,145629324E0;3,069531250E1
8,245629324E0;3,069921875E1
8,345629324E0;3,075000000E1
8,445629324E0;3,069921875E1
8,545629324E0;3,069140625E1
8,645629324E0;3,069921875E1
8,745629324E0;3,075781250E1
8,845629324E0;3,070703125E1
8,945629324E0;3,069921875E1
9,045629324E0;3,069921875E1
9,145629324E0;3,075000000E1
9,245629324E0;3,075000000E1
9,345629324E0;3,075781250E1
9,445629324E0;3,075000000E1
9,545629324E0;3,070703125E1
9,645629324E0;3,075000000E1
9,745629324E0;3,072265625E1
9,845629324E0;3,073828125E1
9,945629324E0;3,075000000E1
1,004562932E1;3,078125000E1
1,014562932E1;3,070703125E1
1,024562932E1;3,075781250E1
1,034562932E1;3,072265625E1
1,044562932E1;3,072265625E1
1,054562932E1;3,078125000E1
1,064562932E1;3,075781250E1
1,074562932E1;3,073828125E1
1,084562932E1;3,073828125E1
1,094562932E1;3,075781250E1
1,104562932E1;3,075781250E1
1,114562932E1;3,072265625E1
1,124562932E1;3,073828125E1
1,134562932E1;3,078125000E1
1,144562932E1;3,075781250E1
1,154562932E1;3,078906250E1
1,164562932E1;3,078906250E1
1,174562932E1;3,075781250E1
1,184562932E1;3,077343750E1
1,194562932E1;3,078125000E1
1,204562932E1;3,075781250E1
1,214562932E1;3,076562500E1
1,224562932E1;3,077343750E1
1,234562932E1;3,076562500E1
1,244562932E1;3,079687500E1
1,254562932E1;3,077343750E1
1,264562932E1;3,071484375E1
1,274562932E1;3,075781250E1
1,284562932E1;3,075781250E1
1,294562932E1;3,075000000E1
1,304562932E1;3,077343750E1
1,314562932E1;3,078125000E1
1,324562932E1;3,077343750E1
1,334562932E1;3,073828125E1
1,344562932E1;3,075781250E1
1,354562932E1;3,076562500E1
1,364562932E1;3,075000000E1
1,374562932E1;3,073828125E1
1,384562932E1;3,078906250E1
1,394562932E1;3,080078125E1
1,404562932E1;3,079687500E1
1,414562932E1;3,077343750E1
1,424562932E1;3,076562500E1
1,434562932E1;3,076562500E1
1,444562932E1;3,078125000E1
1,454562932E1;3,075000000E1
1,464562932E1;3,078125000E1
1,474562932E1;3,075781250E1
1,484562932E1;3,075781250E1
1,494562932E1;3,075781250E1
1,504562932E1;3,072265625E1
1,514562932E1;3,077343750E1
1,524562932E1;3,077343750E1
1,534562932E1;3,075781250E1
1,544562932E1;3,073828125E1
1,554562932E1;3,075000000E1
1,564562932E1;3,075000000E1
1,574562932E1;3,076562500E1
1,584562932E1;3,080468750E1
1,594562932E1;3,075000000E1
1,604562932E1;3,076953125E1
1,614562932E1;3,075781250E1
1,624562932E1;3,078125000E1
1,634562932E1;3,080078125E1
1,644562932E1;3,077734375E1
1,654562932E1;3,077343750E1
1,664562932E1;3,079687500E1
1,674562932E1;3,076953125E1
1,684562932E1;3,085937500E1
1,694562932E1;3,081250000E1
1,704562932E1;3,079687500E1
1,714562932E1;3,081250000E1
1,724562932E1;3,075781250E1
1,734562932E1;3,075781250E1
1,744562932E1;3,075000000E1
1,754562932E1;3,078125000E1
1,764562932E1;3,074609375E1
1,774562932E1;3,077343750E1
1,784562932E1;3,075000000E1
1,794562932E1;3,080078125E1
1,804562932E1;3,077343750E1
1,814562932E1;3,080078125E1
1,824562932E1;3,081250000E1
1,834562932E1;3,077343750E1
1,844562932E1;3,079687500E1
1,854562932E1;3,077734375E1
1,864562932E1;3,079687500E1
1,874562932E1;3,076953125E1
1,884562932E1;3,078515625E1
1,894562932E1;3,078125000E1
1,904562932E1;3,079296875E1
1,914562932E1;3,080078125E1
1,924562932E1;3,078515625E1
1,934562932E1;3,081250000E1
1,944562932E1;3,075000000E1
1,954562932E1;3,078125000E1
1,964562932E1;3,079296875E1
1,974562932E1;3,080468750E1
1,984562932E1;3,080468750E1
1,994562932E1;3,081640625E1
2,004562932E1;3,076171875E1
2,014562932E1;3,078515625E1
2,024562932E1;3,081640625E1
2,034562932E1;3,077343750E1
2,044562932E1;3,080468750E1
2,054562932E1;3,081640625E1
2,064562932E1;3,079296875E1
2,074562932E1;3,082031250E1
2,084562932E1;3,079296875E1
2,094562932E1;3,083984375E1
2,104562932E1;3,078906250E1
2,114562932E1;3,076953125E1
2,124562932E1;3,081640625E1
2,134562932E1;3,075781250E1
2,144562932E1;3,076953125E1
2,154562932E1;3,080468750E1
2,164562932E1;3,076953125E1
2,174562932E1;3,082031250E1
2,184562932E1;3,078515625E1
2,194562932E1;3,079296875E1
2,204562932E1;3,081640625E1
2,214562932E1;3,078906250E1
2,224562932E1;3,079687500E1
2,234562932E1;3,082421875E1
2,244562932E1;3,080468750E1
2,254562932E1;3,077734375E1
2,264562932E1;3,080468750E1
2,274562932E1;3,079296875E1
2,284562932E1;3,081640625E1
2,294562932E1;3,076562500E1
2,304562932E1;3,082812500E1
2,314562932E1;3,081250000E1
2,324562932E1;3,079687500E1
2,334562932E1;3,085546875E1
2,344562932E1;3,080078125E1
2,354562932E1;3,080468750E1
2,364562932E1;3,082812500E1
2,374562932E1;3,077734375E1
2,384562932E1;3,080468750E1
2,394562932E1;3,080468750E1
2,404562932E1;3,079296875E1
2,414562932E1;3,078906250E1
2,424562932E1;3,079296875E1
2,434562932E1;3,083593750E1
2,444562932E1;3,081640625E1
2,454562932E1;3,079296875E1
2,464562932E1;3,080078125E1
2,474562932E1;3,079296875E1
2,484562932E1;3,081250000E1
2,494562932E1;3,078515625E1
2,504562932E1;3,081640625E1
2,514562932E1;3,080468750E1
2,524562932E1;3,078906250E1
2,534562932E1;3,080078125E1
2,544562932E1;3,083984375E1
2,554562932E1;3,080468750E1
2,564562932E1;3,083984375E1
2,574562932E1;3,079687500E1
2,584562932E1;3,082421875E1
2,594562932E1;3,083203125E1
2,604562932E1;3,083984375E1
2,614562932E1;3,080468750E1
2,624562932E1;3,083203125E1
2,634562932E1;3,082421875E1
2,644562932E1;3,081640625E1
2,654562932E1;3,080468750E1
2,664562932E1;3,080468750E1
2,674562932E1;3,077734375E1
2,684562932E1;3,076562500E1
2,694562932E1;3,077343750E1
2,704562932E1;3,076562500E1
2,714562932E1;3,079687500E1
2,724562932E1;3,081250000E1
2,734562932E1;3,075000000E1
2,744562932E1;3,077343750E1
2,754562932E1;3,076562500E1
2,764562932E1;3,076562500E1
2,774562932E1;3,075781250E1
2,784562932E1;3,078906250E1
2,794562932E1;3,077343750E1
2,804562932E1;3,077343750E1
2,814562932E1;3,078125000E1
2,824562932E1;3,079687500E1
2,834562932E1;3,075781250E1
2,844562932E1;3,077343750E1
2,854562932E1;3,075000000E1
2,864562932E1;3,076562500E1
2,874562932E1;3,075000000E1
2,884562932E1;3,080078125E1
2,894562932E1;3,075000000E1
2,904562932E1;3,073046875E1
2,914562932E1;3,073828125E1
2,924562932E1;3,076562500E1
2,934562932E1;3,077343750E1
2,944562932E1;3,073046875E1
2,954562932E1;3,076562500E1
2,964562932E1;3,071484375E1
2,974562932E1;3,073046875E1
2,984562932E1;3,078125000E1
2,994562932E1;3,075781250E1
3,004562932E1;3,075781250E1
3,014562932E1;3,075781250E1
3,024562932E1;3,069140625E1
3,034562932E1;3,070703125E1
3,044562932E1;3,078906250E1
3,054562932E1;3,075781250E1
3,064562932E1;3,077343750E1
3,074562932E1;3,075000000E1
3,084562932E1;3,073828125E1
3,094562932E1;3,073046875E1
3,104562932E1;3,071484375E1
3,114562932E1;3,075000000E1
3,124562932E1;3,073828125E1
3,134562932E1;3,071484375E1
3,144562932E1;3,070703125E1
3,154562932E1;3,075000000E1
3,164562932E1;3,070703125E1
3,174562932E1;3,069921875E1
3,184562932E1;3,075781250E1
3,194562932E1;3,070703125E1
3,204562932E1;3,075781250E1
3,214562932E1;3,075781250E1
3,224562932E1;3,073828125E1
3,234562932E1;3,075781250E1
3,244562932E1;3,073828125E1
3,254562932E1;3,068359375E1
3,264562932E1;3,070703125E1
3,274562932E1;3,069921875E1
3,284562932E1;3,068359375E1
3,294562932E1;3,069921875E1
3,304562932E1;3,069921875E1
3,314562932E1;3,068359375E1
3,324562932E1;3,071484375E1
3,334562932E1;3,069921875E1
3,344562932E1;3,064843750E1
3,354562932E1;3,070312500E1
3,364562932E1;3,073046875E1
3,374562932E1;3,073828125E1
3,384562932E1;3,066406250E1
3,394562932E1;3,073046875E1
3,404562932E1;3,067187500E1
3,414562932E1;3,070703125E1
3,424562932E1;3,071484375E1
3,434562932E1;3,072265625E1
3,444562932E1;3,072265625E1
3,454562932E1;3,070703125E1
3,464562932E1;3,069921875E1
3,474562932E1;3,069921875E1
3,484562932E1;3,073046875E1
3,494562932E1;3,068750000E1
3,504562932E1;3,069921875E1
3,514562932E1;3,067187500E1
3,524562932E1;3,072265625E1
3,534562932E1;3,069921875E1
3,544562932E1;3,069921875E1
3,554562932E1;3,071484375E1
3,564562932E1;3,070703125E1
3,574562932E1;3,075000000E1
3,584562932E1;3,072265625E1
3,594562932E1;3,073046875E1
3,604562932E1;3,067187500E1
3,614562932E1;3,069921875E1
3,624562932E1;3,071484375E1
3,634562932E1;3,071484375E1
3,644562932E1;3,069921875E1
3,654562932E1;3,072265625E1
3,664562932E1;3,066406250E1
3,674562932E1;3,070703125E1
3,684562932E1;3,069921875E1
3,694562932E1;3,069140625E1
3,704562932E1;3,066796875E1
3,714562932E1;3,061328125E1
3,724562932E1;3,062500000E1
3,734562932E1;3,065234375E1
3,744562932E1;3,060546875E1
3,754562932E1;3,069921875E1
3,764562932E1;3,063281250E1
3,774562932E1;3,067968750E1
3,784562932E1;3,062500000E1
3,794562932E1;3,069531250E1
3,804562932E1;3,064062500E1
3,814562932E1;3,063281250E1
3,824562932E1;3,063281250E1
3,834562932E1;3,068750000E1
3,844562932E1;3,063671875E1
3,854562932E1;3,060546875E1
3,864562932E1;3,061718750E1
3,874562932E1;3,062109375E1
3,884562932E1;3,060546875E1
3,894562932E1;3,058203125E1
3,904562932E1;3,064843750E1
3,914562932E1;3,064843750E1
3,924562932E1;3,064062500E1
3,934562932E1;3,064062500E1
3,944562932E1;3,062500000E1
3,954562932E1;3,063281250E1
3,964562932E1;3,060546875E1
3,974562932E1;3,065625000E1
3,984562932E1;3,064843750E1
3,994562932E1;3,061718750E1
4,004562932E1;3,066406250E1
4,014562932E1;3,066406250E1
4,024562932E1;3,062500000E1
4,034562932E1;3,062500000E1
4,044562932E1;3,060156250E1
4,054562932E1;3,065625000E1
4,064562932E1;3,061718750E1
4,074562932E1;3,058984375E1
4,084562932E1;3,064843750E1
4,094562932E1;3,059765625E1
4,104562932E1;3,060546875E1
4,114562932E1;3,062500000E1
4,124562932E1;3,063281250E1
4,134562932E1;3,057421875E1
4,144562932E1;3,064843750E1
4,154562932E1;3,060546875E1
4,164562932E1;3,059765625E1
4,174562932E1;3,060546875E1
4,184562932E1;3,059765625E1
4,194562932E1;3,058203125E1
4,204562932E1;3,059765625E1
4,214562932E1;3,055078125E1
4,224562932E1;3,063281250E1
4,234562932E1;3,058203125E1
4,244562932E1;3,056640625E1
4,254562932E1;3,058203125E1
4,264562932E1;3,058984375E1
4,274562932E1;3,063281250E1
4,284562932E1;3,058203125E1
4,294562932E1;3,058984375E1
4,304562932E1;3,064062500E1
4,314562932E1;3,063281250E1
4,324562932E1;3,058984375E1
4,334562932E1;3,062500000E1
4,344562932E1;3,062500000E1
4,354562932E1;3,058203125E1
4,364562932E1;3,063281250E1
4,374562932E1;3,058203125E1
4,384562932E1;3,060546875E1
4,394562932E1;3,060546875E1
4,404562932E1;3,057421875E1
4,414562932E1;3,064062500E1
4,424562932E1;3,056640625E1
4,434562932E1;3,058203125E1
4,444562932E1;3,059765625E1
4,454562932E1;3,066406250E1
4,464562932E1;3,057421875E1
4,474562932E1;3,060546875E1
4,484562932E1;3,065625000E1
4,494562932E1;3,064843750E1
4,504562932E1;3,057421875E1
4,514562932E1;3,065625000E1
4,524562932E1;3,062500000E1
4,534562932E1;3,060546875E1
4,544562932E1;3,068750000E1
4,554562932E1;3,066796875E1
4,564562932E1;3,063671875E1
4,574562932E1;3,065625000E1
4,584562932E1;3,057812500E1
4,594562932E1;3,068750000E1
4,604562932E1;3,070312500E1
4,614562932E1;3,066796875E1
4,624562932E1;3,067968750E1
4,634562932E1;3,064062500E1
4,644562932E1;3,066015625E1
4,654562932E1;3,064453125E1
4,664562932E1;3,059375000E1
4,674562932E1;3,064843750E1
4,684562932E1;3,062109375E1
4,694562932E1;3,064062500E1
4,704562932E1;3,071484375E1
4,714562932E1;3,065234375E1
4,724562932E1;3,069921875E1
4,734562932E1;3,063671875E1
4,744562932E1;3,069140625E1
4,754562932E1;3,070703125E1
4,764562932E1;3,069140625E1
4,774562932E1;3,069140625E1
4,784562932E1;3,068359375E1
4,794562932E1;3,071484375E1
4,804562932E1;3,068359375E1
4,814562932E1;3,064453125E1
4,824562932E1;3,070703125E1
4,834562932E1;3,067187500E1
4,844562932E1;3,070703125E1
4,854562932E1;3,068359375E1
4,864562932E1;3,069921875E1
4,874562932E1;3,068359375E1
4,884562932E1;3,072265625E1
4,894562932E1;3,069921875E1
4,904562932E1;3,071484375E1
4,914562932E1;3,071484375E1
4,924562932E1;3,069140625E1
4,934562932E1;3,069140625E1
4,944562932E1;3,069921875E1
4,954562932E1;3,067187500E1
4,964562932E1;3,075781250E1
4,974562932E1;3,066796875E1
4,984562932E1;3,069921875E1
4,994562932E1;3,073046875E1
5,004562932E1;3,073046875E1
5,014562932E1;3,073828125E1
5,024562932E1;3,073046875E1
5,034562932E1;3,076562500E1
5,044562932E1;3,073828125E1
5,054562932E1;3,075781250E1
5,064562932E1;3,075781250E1
5,074562932E1;3,078125000E1
5,084562932E1;3,075000000E1
5,094562932E1;3,076562500E1
5,104562932E1;3,078125000E1
5,114562932E1;3,075000000E1
5,124562932E1;3,071484375E1
5,134562932E1;3,072265625E1
5,144562932E1;3,073828125E1
5,154562932E1;3,073046875E1
5,164562932E1;3,072265625E1
5,174562932E1;3,073828125E1
5,184562932E1;3,075000000E1
5,194562932E1;3,077343750E1
5,204562932E1;3,075000000E1
5,214562932E1;3,072265625E1
5,224562932E1;3,072265625E1
5,234562932E1;3,072265625E1
5,244562932E1;3,071484375E1
5,254562932E1;3,073828125E1
5,264562932E1;3,076562500E1
5,274562932E1;3,073828125E1
5,284562932E1;3,076562500E1
5,294562932E1;3,073828125E1
5,304562932E1;3,072265625E1
5,314562932E1;3,076562500E1
5,324562932E1;3,075000000E1
5,334562932E1;3,069921875E1
5,344562932E1;3,075781250E1
5,354562932E1;3,071484375E1
5,364562932E1;3,073046875E1
5,374562932E1;3,070703125E1
5,384562932E1;3,075000000E1
5,394562932E1;3,071484375E1
5,404562932E1;3,075000000E1
5,414562932E1;3,073046875E1
5,424562932E1;3,076562500E1
5,434562932E1;3,071484375E1
5,444562932E1;3,071484375E1
5,454562932E1;3,073046875E1
5,464562932E1;3,075000000E1
5,474562932E1;3,071484375E1
5,484562932E1;3,073828125E1
5,494562932E1;3,073828125E1
5,504562932E1;3,073828125E1
5,514562932E1;3,073046875E1
5,524562932E1;3,075000000E1
5,534562932E1;3,073046875E1
5,544562932E1;3,075781250E1
5,554562932E1;3,072265625E1
5,564562932E1;3,075781250E1
5,574562932E1;3,073828125E1
5,584562932E1;3,071484375E1
5,594562932E1;3,071484375E1
5,604562932E1;3,073828125E1
5,614562932E1;3,076562500E1
5,624562932E1;3,069921875E1
5,634562932E1;3,077343750E1
5,644562932E1;3,075000000E1
5,654562932E1;3,071484375E1
5,664562932E1;3,076562500E1
5,674562932E1;3,072265625E1
5,684562932E1;3,073046875E1
5,694562932E1;3,073828125E1
5,704562932E1;3,073828125E1
5,714562932E1;3,073828125E1
5,724562932E1;3,073828125E1
5,734562932E1;3,073828125E1
5,744562932E1;3,072265625E1
5,754562932E1;3,076562500E1
5,764562932E1;3,073046875E1
5,774562932E1;3,076562500E1
5,784562932E1;3,073046875E1
5,794562932E1;3,075000000E1
5,804562932E1;3,075000000E1
5,814562932E1;3,073046875E1
5,824562932E1;3,073046875E1
5,834562932E1;3,072265625E1
5,844562932E1;3,071484375E1
5,854562932E1;3,075000000E1
5,864562932E1;3,073828125E1
5,874562932E1;3,071484375E1
5,884562932E1;3,070703125E1
5,894562932E1;3,071484375E1
5,904562932E1;3,070703125E1
5,914562932E1;3,072265625E1
5,924562932E1;3,073046875E1
5,934562932E1;3,071484375E1
5,944562932E1;3,072265625E1
5,954562932E1;3,071093750E1
5,964562932E1;3,075000000E1
5,974562932E1;3,069921875E1
5,984562932E1;3,070703125E1
5,994562932E1;3,069140625E1
6,004562932E1;3,071484375E1
6,014562932E1;3,069921875E1
6,024562932E1;3,071484375E1
6,034562932E1;3,069921875E1
6,044562932E1;3,070703125E1
6,054562932E1;3,073046875E1
6,064562932E1;3,071484375E1
6,074562932E1;3,073828125E1
6,084562932E1;3,072265625E1
6,094562932E1;3,073046875E1
6,104562932E1;3,069140625E1
6,114562932E1;3,070312500E1
6,124562932E1;3,068359375E1
6,134562932E1;3,071484375E1
6,144562932E1;3,069531250E1
6,154562932E1;3,073828125E1
6,164562932E1;3,067187500E1
6,174562932E1;3,069921875E1
6,184562932E1;3,069921875E1
6,194562932E1;3,072265625E1
6,204562932E1;3,066796875E1
6,214562932E1;3,067968750E1
6,224562932E1;3,069140625E1
6,234562932E1;3,070312500E1
6,244562932E1;3,073046875E1
6,254562932E1;3,069921875E1
6,264562932E1;3,073046875E1
6,274562932E1;3,071484375E1
6,284562932E1;3,069921875E1
6,294562932E1;3,072265625E1
6,304562932E1;3,070703125E1
6,314562932E1;3,072265625E1
6,324562932E1;3,070703125E1
6,334562932E1;3,072265625E1
6,344562932E1;3,066796875E1
6,354562932E1;3,069140625E1
6,364562932E1;3,073046875E1
6,374562932E1;3,070703125E1
6,384562932E1;3,072265625E1
6,394562932E1;3,071484375E1
6,404562932E1;3,072265625E1
6,414562932E1;3,069140625E1
6,424562932E1;3,071484375E1
6,434562932E1;3,066015625E1
6,444562932E1;3,072265625E1
6,454562932E1;3,072265625E1
6,464562932E1;3,071484375E1
6,474562932E1;3,070703125E1
6,484562932E1;3,073046875E1
6,494562932E1;3,070703125E1
6,504562932E1;3,071484375E1
6,514562932E1;3,070703125E1
6,524562932E1;3,071484375E1
6,534562932E1;3,068359375E1
6,544562932E1;3,070703125E1
6,554562932E1;3,073046875E1
6,564562932E1;3,069140625E1
6,574562932E1;3,069140625E1
6,584562932E1;3,068359375E1
6,594562932E1;3,073046875E1
6,604562932E1;3,070703125E1
6,614562932E1;3,073046875E1
6,624562932E1;3,071484375E1
6,634562932E1;3,070703125E1
6,644562932E1;3,069140625E1
6,654562932E1;3,070703125E1
6,664562932E1;3,069921875E1
6,674562932E1;3,066796875E1
6,684562932E1;3,067187500E1
6,694562932E1;3,069531250E1
6,704562932E1;3,069140625E1
6,714562932E1;3,069140625E1
6,724562932E1;3,068359375E1
6,734562932E1;3,066015625E1
6,744562932E1;3,067187500E1
6,754562932E1;3,068359375E1
6,764562932E1;3,069140625E1
6,774562932E1;3,068359375E1
6,784562932E1;3,068359375E1
6,794562932E1;3,067187500E1
6,804562932E1;3,073046875E1
6,814562932E1;3,073828125E1
6,824562932E1;3,073046875E1
6,834562932E1;3,071484375E1
6,844562932E1;3,065234375E1
6,854562932E1;3,068359375E1
6,864562932E1;3,068750000E1
6,874562932E1;3,070703125E1
6,884562932E1;3,066015625E1
6,894562932E1;3,066796875E1
6,904562932E1;3,068359375E1
6,914562932E1;3,065234375E1
6,924562932E1;3,069140625E1
6,934562932E1;3,067187500E1
6,944562932E1;3,069531250E1
6,954562932E1;3,066796875E1
6,964562932E1;3,069921875E1
6,974562932E1;3,072265625E1
6,984562932E1;3,071093750E1
6,994562932E1;3,070703125E1
7,004562932E1;3,068359375E1
7,014562932E1;3,066796875E1
7,024562932E1;3,066015625E1
7,034562932E1;3,067187500E1
7,044562932E1;3,068359375E1
7,054562932E1;3,066406250E1
7,064562932E1;3,067187500E1
7,074562932E1;3,071484375E1
7,084562932E1;3,066796875E1
7,094562932E1;3,067187500E1
7,104562932E1;3,067187500E1
7,114562932E1;3,062500000E1
7,124562932E1;3,065625000E1
7,134562932E1;3,062500000E1
7,144562932E1;3,063671875E1
7,154562932E1;3,066406250E1
7,164562932E1;3,066406250E1
7,174562932E1;3,066406250E1
7,184562932E1;3,062500000E1
7,194562932E1;3,060156250E1
7,204562932E1;3,063281250E1
7,214562932E1;3,067968750E1
7,224562932E1;3,064062500E1
7,234562932E1;3,064062500E1
7,244562932E1;3,061718750E1
7,254562932E1;3,069531250E1
7,264562932E1;3,065625000E1
7,274562932E1;3,064062500E1
7,284562932E1;3,066406250E1
7,294562932E1;3,067968750E1
7,304562932E1;3,064062500E1
7,314562932E1;3,064843750E1
7,324562932E1;3,058984375E1
7,334562932E1;3,061718750E1
7,344562932E1;3,058984375E1
7,354562932E1;3,059765625E1
7,364562932E1;3,067968750E1
7,374562932E1;3,060546875E1
7,384562932E1;3,064843750E1
7,394562932E1;3,066796875E1
7,404562932E1;3,059765625E1
7,414562932E1;3,066796875E1
7,424562932E1;3,065625000E1
7,434562932E1;3,062500000E1
7,444562932E1;3,062500000E1
7,454562932E1;3,059765625E1
7,464562932E1;3,064843750E1
7,474562932E1;3,061718750E1
7,484562932E1;3,066796875E1
7,494562932E1;3,058203125E1
7,504562932E1;3,058203125E1
7,514562932E1;3,059765625E1
7,524562932E1;3,057421875E1
7,534562932E1;3,059765625E1
7,544562932E1;3,061718750E1
7,554562932E1;3,062500000E1
7,564562932E1;3,061718750E1
7,574562932E1;3,061718750E1
7,584562932E1;3,062500000E1
7,594562932E1;3,056250000E1
7,604562932E1;3,060546875E1
7,614562932E1;3,058984375E1
7,624562932E1;3,059765625E1
7,634562932E1;3,060546875E1
7,644562932E1;3,057421875E1
7,654562932E1;3,060546875E1
7,664562932E1;3,062500000E1
7,674562932E1;3,058203125E1
7,684562932E1;3,055078125E1
7,694562932E1;3,057812500E1
7,704562932E1;3,060546875E1
7,714562932E1;3,058984375E1
7,724562932E1;3,055859375E1
7,734562932E1;3,058203125E1
7,744562932E1;3,055859375E1
7,754562932E1;3,060546875E1
7,764562932E1;3,057421875E1
7,774562932E1;3,058984375E1
7,784562932E1;3,058984375E1
7,794562932E1;3,056640625E1
7,804562932E1;3,059765625E1
7,814562932E1;3,055468750E1
7,824562932E1;3,059765625E1
7,834562932E1;3,058203125E1
7,844562932E1;3,060546875E1
7,854562932E1;3,058203125E1
7,864562932E1;3,056640625E1
7,874562932E1;3,057421875E1
7,884562932E1;3,058203125E1
7,894562932E1;3,057421875E1
7,904562932E1;3,052343750E1
7,914562932E1;3,055859375E1
7,924562932E1;3,053906250E1
7,934562932E1;3,056250000E1
7,944562932E1;3,053906250E1
7,954562932E1;3,053125000E1
7,964562932E1;3,060156250E1
7,974562932E1;3,057421875E1
7,984562932E1;3,055859375E1
7,994562932E1;3,055859375E1
8,004562932E1;3,055859375E1
8,014562932E1;3,053515625E1
8,024562932E1;3,055078125E1
8,034562932E1;3,058984375E1
8,044562932E1;3,058984375E1
8,054562932E1;3,053515625E1
8,064562932E1;3,055468750E1
8,074562932E1;3,058203125E1
8,084562932E1;3,055859375E1
8,094562932E1;3,053515625E1
8,104562932E1;3,053906250E1
8,114562932E1;3,050390625E1
8,124562932E1;3,055859375E1
8,134562932E1;3,055078125E1
8,144562932E1;3,052734375E1
8,154562932E1;3,056250000E1
8,164562932E1;3,053125000E1
8,174562932E1;3,050000000E1
8,184562932E1;3,053906250E1
8,194562932E1;3,056250000E1
8,204562932E1;3,060546875E1
8,214562932E1;3,051171875E1
8,224562932E1;3,053906250E1
8,234562932E1;3,052734375E1
8,244562932E1;3,055468750E1
8,254562932E1;3,052734375E1
8,264562932E1;3,051562500E1
8,274562932E1;3,055859375E1
8,284562932E1;3,058984375E1
8,294562932E1;3,053125000E1
8,304562932E1;3,055078125E1
8,314562932E1;3,051562500E1
8,324562932E1;3,055859375E1
8,334562932E1;3,051562500E1
8,344562932E1;3,046484375E1
8,354562932E1;3,053515625E1
8,364562932E1;3,056640625E1
8,374562932E1;3,054687500E1
8,384562932E1;3,055859375E1
8,394562932E1;3,053125000E1
8,404562932E1;3,053125000E1
8,414562932E1;3,051562500E1
8,424562932E1;3,052734375E1
8,434562932E1;3,050781250E1
8,444562932E1;3,052734375E1
8,454562932E1;3,053906250E1
8,464562932E1;3,050000000E1
8,474562932E1;3,049218750E1
8,484562932E1;3,053906250E1
8,494562932E1;3,055078125E1
8,504562932E1;3,053125000E1
8,514562932E1;3,053906250E1
8,524562932E1;3,052343750E1
8,534562932E1;3,048437500E1
8,544562932E1;3,052343750E1
8,554562932E1;3,053906250E1
8,564562932E1;3,053515625E1
8,574562932E1;3,051562500E1
8,584562932E1;3,050390625E1
8,594562932E1;3,050000000E1
8,604562932E1;3,052343750E1
8,614562932E1;3,057812500E1
8,624562932E1;3,052343750E1
8,634562932E1;3,055859375E1
8,644562932E1;3,053515625E1
8,654562932E1;3,055859375E1
8,664562932E1;3,058203125E1
8,674562932E1;3,053515625E1
8,684562932E1;3,053125000E1
8,694562932E1;3,052343750E1
8,704562932E1;3,047265625E1
8,714562932E1;3,048437500E1
8,724562932E1;3,050000000E1
8,734562932E1;3,053125000E1
8,744562932E1;3,055468750E1
8,754562932E1;3,050781250E1
8,764562932E1;3,050000000E1
8,774562932E1;3,053125000E1
8,784562932E1;3,053125000E1
8,794562932E1;3,050781250E1
8,804562932E1;3,051562500E1
8,814562932E1;3,053515625E1
8,824562932E1;3,052343750E1
8,834562932E1;3,056250000E1
8,844562932E1;3,055859375E1
8,854562932E1;3,053515625E1
8,864562932E1;3,055078125E1
8,874562932E1;3,052734375E1
8,884562932E1;3,056250000E1
8,894562932E1;3,053906250E1
8,904562932E1;3,050000000E1
8,914562932E1;3,050000000E1
8,924562932E1;3,050781250E1
8,934562932E1;3,050781250E1
8,944562932E1;3,049218750E1
8,954562932E1;3,049218750E1
8,964562932E1;3,049218750E1
8,974562932E1;3,050781250E1
8,984562932E1;3,046484375E1
8,994562932E1;3,052343750E1
9,004562932E1;3,053125000E1
9,014562932E1;3,051562500E1
9,024562932E1;3,053125000E1
9,034562932E1;3,053515625E1
9,044562932E1;3,055078125E1
9,054562932E1;3,055078125E1
9,064562932E1;3,052343750E1
9,074562932E1;3,055859375E1
9,084562932E1;3,053906250E1
9,094562932E1;3,055078125E1
9,104562932E1;3,060156250E1
9,114562932E1;3,053515625E1
9,124562932E1;3,058593750E1
9,134562932E1;3,051953125E1
9,144562932E1;3,050781250E1
9,154562932E1;3,050781250E1
9,164562932E1;3,052343750E1
9,174562932E1;3,053515625E1
9,184562932E1;3,055468750E1
9,194562932E1;3,051953125E1
9,204562932E1;3,053125000E1
9,214562932E1;3,051562500E1
9,224562932E1;3,053906250E1
9,234562932E1;3,057421875E1
9,244562932E1;3,051562500E1
9,254562932E1;3,049218750E1
9,264562932E1;3,053906250E1
9,274562932E1;3,053906250E1
9,284562932E1;3,055468750E1
9,294562932E1;3,054687500E1
9,304562932E1;3,053906250E1
9,314562932E1;3,053906250E1
9,324562932E1;3,049218750E1
9,334562932E1;3,053125000E1
9,344562932E1;3,054687500E1
9,354562932E1;3,051171875E1
9,364562932E1;3,052343750E1
9,374562932E1;3,051953125E1
9,384562932E1;3,050781250E1
9,394562932E1;3,056250000E1
9,404562932E1;3,053125000E1
9,414562932E1;3,053906250E1
9,424562932E1;3,052734375E1
9,434562932E1;3,053906250E1
9,444562932E1;3,050781250E1
9,454562932E1;3,050781250E1
9,464562932E1;3,055468750E1
9,474562932E1;3,054687500E1
9,484562932E1;3,056640625E1
9,494562932E1;3,050000000E1
9,504562932E1;3,050781250E1
9,514562932E1;3,053515625E1
9,524562932E1;3,051562500E1
9,534562932E1;3,049218750E1
9,544562932E1;3,050781250E1
9,554562932E1;3,051562500E1
9,564562932E1;3,052343750E1
9,574562932E1;3,048437500E1
9,584562932E1;3,053906250E1
9,594562932E1;3,050000000E1
9,604562932E1;3,053906250E1
9,614562932E1;3,056250000E1
9,624562932E1;3,052343750E1
9,634562932E1;3,052343750E1
9,644562932E1;3,053906250E1
9,654562932E1;3,051562500E1
9,664562932E1;3,050781250E1
9,674562932E1;3,050390625E1
9,684562932E1;3,051562500E1
9,694562932E1;3,052734375E1
9,704562932E1;3,053906250E1
9,714562932E1;3,052734375E1
9,724562932E1;3,051562500E1
9,734562932E1;3,053125000E1
9,744562932E1;3,050781250E1
9,754562932E1;3,053125000E1
9,764562932E1;3,054687500E1
9,774562932E1;3,055078125E1
9,784562932E1;3,050781250E1
9,794562932E1;3,055468750E1
9,804562932E1;3,057812500E1
9,814562932E1;3,056640625E1
9,824562932E1;3,053515625E1
9,834562932E1;3,051171875E1
9,844562932E1;3,055859375E1
9,854562932E1;3,053515625E1
9,864562932E1;3,057421875E1
9,874562932E1;3,058984375E1
9,884562932E1;3,055078125E1
9,894562932E1;3,060156250E1
9,904562932E1;3,058203125E1
9,914562932E1;3,057421875E1
9,924562932E1;3,060546875E1
9,934562932E1;3,058593750E1
9,944562932E1;3,055078125E1
9,954562932E1;3,058984375E1
9,964562932E1;3,061718750E1
9,974562932E1;3,066406250E1
9,984562932E1;3,065625000E1
9,994562932E1;3,064843750E1
1,000456293E2;3,063281250E1
1,001456293E2;3,059765625E1
1,002456293E2;3,063281250E1
1,003456293E2;3,064843750E1
1,004456293E2;3,062500000E1
1,005456293E2;3,066406250E1
1,006456293E2;3,064843750E1
1,007456293E2;3,065625000E1
1,008456293E2;3,059765625E1
1,009456293E2;3,064843750E1
1,010456293E2;3,058984375E1
1,011456293E2;3,067968750E1
1,012456293E2;3,058984375E1
1,013456293E2;3,066406250E1
1,014456293E2;3,057421875E1
1,015456293E2;3,057812500E1
1,016456293E2;3,065625000E1
1,017456293E2;3,062890625E1
1,018456293E2;3,066796875E1
1,019456293E2;3,065625000E1
1,020456293E2;3,063671875E1
1,021456293E2;3,069531250E1
1,022456293E2;3,063281250E1
1,023456293E2;3,067968750E1
1,024456293E2;3,068359375E1
1,025456293E2;3,067968750E1
1,026456293E2;3,068750000E1
1,027456293E2;3,068359375E1
1,028456293E2;3,067187500E1
1,029456293E2;3,065234375E1
1,030456293E2;3,063671875E1
1,031456293E2;3,066406250E1
1,032456293E2;3,069140625E1
1,033456293E2;3,068750000E1
1,034456293E2;3,063281250E1
1,035456293E2;3,066796875E1
1,036456293E2;3,068750000E1
1,037456293E2;3,070312500E1
1,038456293E2;3,063671875E1
1,039456293E2;3,070703125E1
1,040456293E2;3,068359375E1
1,041456293E2;3,067968750E1
1,042456293E2;3,067187500E1
1,043456293E2;3,069140625E1
1,044456293E2;3,066796875E1
1,045456293E2;3,070703125E1
1,046456293E2;3,069921875E1
1,047456293E2;3,068359375E1
1,048456293E2;3,066796875E1
1,049456293E2;3,070703125E1
1,050456293E2;3,070312500E1
1,051456293E2;3,069140625E1
1,052456293E2;3,069140625E1
1,053456293E2;3,066796875E1
1,054456293E2;3,070703125E1
1,055456293E2;3,069140625E1
1,056456293E2;3,069921875E1
1,057456293E2;3,069531250E1
1,058456293E2;3,066796875E1
1,059456293E2;3,067187500E1
1,060456293E2;3,066015625E1
1,061456293E2;3,071484375E1
1,062456293E2;3,069140625E1
1,063456293E2;3,072656250E1
1,064456293E2;3,070703125E1
1,065456293E2;3,069921875E1
1,066456293E2;3,073828125E1
1,067456293E2;3,071484375E1
1,068456293E2;3,069921875E1
1,069456293E2;3,068359375E1
1,070456293E2;3,069140625E1
1,071456293E2;3,065625000E1
1,072456293E2;3,069140625E1
1,073456293E2;3,069921875E1
1,074456293E2;3,069921875E1
1,075456293E2;3,066796875E1
1,076456293E2;3,066796875E1
1,077456293E2;3,066796875E1
1,078456293E2;3,068359375E1
1,079456293E2;3,070312500E1
1,080456293E2;3,069921875E1
1,081456293E2;3,066015625E1
1,082456293E2;3,072265625E1
1,083456293E2;3,066796875E1
1,084456293E2;3,064453125E1
1,085456293E2;3,069921875E1
1,086456293E2;3,071484375E1
1,087456293E2;3,068750000E1
1,088456293E2;3,069921875E1
1,089456293E2;3,064453125E1
1,090456293E2;3,061328125E1
1,091456293E2;3,066796875E1
1,092456293E2;3,071093750E1
1,093456293E2;3,065625000E1
1,094456293E2;3,066015625E1
1,095456293E2;3,067968750E1
1,096456293E2;3,068750000E1
1,097456293E2;3,067187500E1
1,098456293E2;3,066796875E1
1,099456293E2;3,060546875E1
1,100456293E2;3,066406250E1
1,101456293E2;3,066406250E1
1,102456293E2;3,066406250E1
1,103456293E2;3,062500000E1
1,104456293E2;3,067968750E1
1,105456293E2;3,066796875E1
1,106456293E2;3,065625000E1
1,107456293E2;3,068359375E1
1,108456293E2;3,062500000E1
1,109456293E2;3,063671875E1
1,110456293E2;3,068750000E1
1,111456293E2;3,065234375E1
1,112456293E2;3,064062500E1
1,113456293E2;3,063281250E1
1,114456293E2;3,064843750E1
1,115456293E2;3,067968750E1
1,116456293E2;3,067968750E1
1,117456293E2;3,065625000E1
1,118456293E2;3,064062500E1
1,119456293E2;3,062500000E1
1,120456293E2;3,064843750E1
1,121456293E2;3,065234375E1
1,122456293E2;3,064843750E1
1,123456293E2;3,058984375E1
1,124456293E2;3,061718750E1
1,125456293E2;3,066406250E1
1,126456293E2;3,063281250E1
1,127456293E2;3,064062500E1
1,128456293E2;3,064062500E1
1,129456293E2;3,062500000E1
1,130456293E2;3,064843750E1
1,131456293E2;3,064062500E1
1,132456293E2;3,061718750E1
1,133456293E2;3,058984375E1
1,134456293E2;3,062500000E1
1,135456293E2;3,059765625E1
1,136456293E2;3,065625000E1
1,137456293E2;3,064843750E1
1,138456293E2;3,065625000E1
1,139456293E2;3,063281250E1
1,140456293E2;3,058984375E1
1,141456293E2;3,062500000E1
1,142456293E2;3,062500000E1
1,143456293E2;3,061718750E1
1,144456293E2;3,062500000E1
1,145456293E2;3,058984375E1
1,146456293E2;3,066406250E1
1,147456293E2;3,066015625E1
1,148456293E2;3,068359375E1
1,149456293E2;3,068359375E1
1,150456293E2;3,069531250E1
1,151456293E2;3,064062500E1
1,152456293E2;3,065625000E1
1,153456293E2;3,070312500E1
1,154456293E2;3,071875000E1
1,155456293E2;3,069921875E1
1,156456293E2;3,066796875E1
1,157456293E2;3,070703125E1
1,158456293E2;3,070703125E1
1,159456293E2;3,065234375E1
1,160456293E2;3,067187500E1
1,161456293E2;3,067187500E1
1,162456293E2;3,070703125E1
1,163456293E2;3,067968750E1
1,164456293E2;3,070703125E1
1,165456293E2;3,071484375E1
1,166456293E2;3,068359375E1
1,167456293E2;3,068359375E1
1,168456293E2;3,068359375E1
1,169456293E2;3,068359375E1
1,170456293E2;3,071484375E1
1,171456293E2;3,068359375E1
1,172456293E2;3,072656250E1
1,173456293E2;3,067968750E1
1,174456293E2;3,070703125E1
1,175456293E2;3,069921875E1
1,176456293E2;3,072265625E1
1,177456293E2;3,070703125E1
1,178456293E2;3,068359375E1
1,179456293E2;3,070703125E1
1,180456293E2;3,071093750E1
1,181456293E2;3,064453125E1
1,182456293E2;3,064453125E1
1,183456293E2;3,069140625E1
1,184456293E2;3,062109375E1
1,185456293E2;3,066796875E1
1,186456293E2;3,068750000E1
1,187456293E2;3,068359375E1
1,188456293E2;3,067187500E1
1,189456293E2;3,067968750E1
1,190456293E2;3,065234375E1
1,191456293E2;3,069921875E1
1,192456293E2;3,066796875E1
1,193456293E2;3,069921875E1
1,194456293E2;3,072265625E1
1,195456293E2;3,066796875E1
1,196456293E2;3,067187500E1
1,197456293E2;3,067187500E1
1,198456293E2;3,069140625E1
1,199456293E2;3,072265625E1
1,200456293E2;3,069921875E1
1,201456293E2;3,070703125E1
1,202456293E2;3,070703125E1
1,203456293E2;3,071484375E1
1,204456293E2;3,072265625E1
1,205456293E2;3,071484375E1
1,206456293E2;3,068750000E1
1,207456293E2;3,063281250E1
1,208456293E2;3,065625000E1
1,209456293E2;3,066796875E1
1,210456293E2;3,067187500E1
1,211456293E2;3,066796875E1
1,212456293E2;3,066796875E1
1,213456293E2;3,066406250E1
1,214456293E2;3,069531250E1
1,215456293E2;3,068359375E1
1,216456293E2;3,063281250E1
1,217456293E2;3,066015625E1
1,218456293E2;3,066796875E1
1,219456293E2;3,063671875E1
1,220456293E2;3,069140625E1
1,221456293E2;3,064843750E1
1,222456293E2;3,065234375E1
1,223456293E2;3,066796875E1
1,224456293E2;3,066015625E1
1,225456293E2;3,065625000E1
1,226456293E2;3,070312500E1
1,227456293E2;3,062500000E1
1,228456293E2;3,066015625E1
1,229456293E2;3,064843750E1
1,230456293E2;3,067968750E1
1,231456293E2;3,067968750E1
1,232456293E2;3,062500000E1
1,233456293E2;3,066796875E1
1,234456293E2;3,066796875E1
1,235456293E2;3,066796875E1
1,236456293E2;3,066406250E1
1,237456293E2;3,068359375E1
1,238456293E2;3,067968750E1
1,239456293E2;3,065625000E1
1,240456293E2;3,065625000E1
1,241456293E2;3,066796875E1
1,242456293E2;3,063281250E1
1,243456293E2;3,066796875E1
1,244456293E2;3,066406250E1
1,245456293E2;3,064843750E1
1,246456293E2;3,066796875E1
1,247456293E2;3,068359375E1
1,248456293E2;3,066406250E1
1,249456293E2;3,063671875E1
1,250456293E2;3,068750000E1
1,251456293E2;3,066406250E1
1,252456293E2;3,067968750E1
1,253456293E2;3,064843750E1
1,254456293E2;3,064453125E1
1,255456293E2;3,068750000E1
1,256456293E2;3,063281250E1
1,257456293E2;3,064843750E1
1,258456293E2;3,065234375E1
1,259456293E2;3,066796875E1
1,260456293E2;3,069140625E1
1,261456293E2;3,067187500E1
1,262456293E2;3,069140625E1
1,263456293E2;3,066406250E1
1,264456293E2;3,068359375E1
1,265456293E2;3,070703125E1
1,266456293E2;3,069921875E1
1,267456293E2;3,069531250E1
1,268456293E2;3,068750000E1
1,269456293E2;3,064062500E1
1,270456293E2;3,066796875E1
1,271456293E2;3,060546875E1
1,272456293E2;3,069531250E1
1,273456293E2;3,067187500E1
1,274456293E2;3,062500000E1
1,275456293E2;3,064453125E1
1,276456293E2;3,061718750E1
1,277456293E2;3,065625000E1
1,278456293E2;3,065625000E1
1,279456293E2;3,062500000E1
1,280456293E2;3,066796875E1
1,281456293E2;3,066015625E1
1,282456293E2;3,063281250E1
1,283456293E2;3,066015625E1
1,284456293E2;3,064062500E1
1,285456293E2;3,063671875E1
1,286456293E2;3,063671875E1
1,287456293E2;3,066406250E1
1,288456293E2;3,066015625E1
1,289456293E2;3,064062500E1
1,290456293E2;3,066015625E1
1,291456293E2;3,066796875E1
1,292456293E2;3,067187500E1
1,293456293E2;3,063281250E1
1,294456293E2;3,062500000E1
1,295456293E2;3,062500000E1
1,296456293E2;3,057421875E1
1,297456293E2;3,064062500E1
1,298456293E2;3,061718750E1
1,299456293E2;3,064843750E1
1,300456293E2;3,062500000E1
1,301456293E2;3,058203125E1
1,302456293E2;3,066406250E1
1,303456293E2;3,063281250E1
1,304456293E2;3,064062500E1
1,305456293E2;3,063671875E1
1,306456293E2;3,064843750E1
1,307456293E2;3,057421875E1
1,308456293E2;3,062890625E1
1,309456293E2;3,064843750E1
1,310456293E2;3,066406250E1
1,311456293E2;3,065625000E1
1,312456293E2;3,058203125E1
1,313456293E2;3,064843750E1
1,314456293E2;3,059765625E1
1,315456293E2;3,063281250E1
1,316456293E2;3,058984375E1
1,317456293E2;3,065625000E1
1,318456293E2;3,065625000E1
1,319456293E2;3,066796875E1
1,320456293E2;3,062500000E1
1,321456293E2;3,061718750E1
1,322456293E2;3,058984375E1
1,323456293E2;3,067968750E1
1,324456293E2;3,064843750E1
1,325456293E2;3,062500000E1
1,326456293E2;3,064453125E1
1,327456293E2;3,065625000E1
1,328456293E2;3,070312500E1
1,329456293E2;3,066796875E1
1,330456293E2;3,066406250E1
1,331456293E2;3,060156250E1
1,332456293E2;3,064453125E1
1,333456293E2;3,060546875E1
1,334456293E2;3,067187500E1
1,335456293E2;3,066015625E1
1,336456293E2;3,068359375E1
1,337456293E2;3,064062500E1
1,338456293E2;3,068750000E1
1,339456293E2;3,066796875E1
1,340456293E2;3,063281250E1
1,341456293E2;3,066796875E1
1,342456293E2;3,067187500E1
1,343456293E2;3,066406250E1
1,344456293E2;3,067968750E1
1,345456293E2;3,066796875E1
1,346456293E2;3,068750000E1
1,347456293E2;3,066796875E1
1,348456293E2;3,066015625E1
1,349456293E2;3,064843750E1
1,350456293E2;3,060546875E1
1,351456293E2;3,064062500E1
1,352456293E2;3,059765625E1
1,353456293E2;3,064453125E1
1,354456293E2;3,065625000E1
1,355456293E2;3,061718750E1
1,356456293E2;3,064843750E1
1,357456293E2;3,064843750E1
1,358456293E2;3,063281250E1
1,359456293E2;3,067968750E1
1,360456293E2;3,062500000E1
1,361456293E2;3,064453125E1
1,362456293E2;3,064062500E1
1,363456293E2;3,060546875E1
1,364456293E2;3,059765625E1
1,365456293E2;3,064062500E1
1,366456293E2;3,064062500E1
1,367456293E2;3,064843750E1
1,368456293E2;3,062500000E1
1,369456293E2;3,060546875E1
1,370456293E2;3,059765625E1
1,371456293E2;3,064062500E1
1,372456293E2;3,058984375E1
1,373456293E2;3,058984375E1
1,374456293E2;3,056640625E1
1,375456293E2;3,058984375E1
1,376456293E2;3,058984375E1
1,377456293E2;3,059375000E1
1,378456293E2;3,057421875E1
1,379456293E2;3,055078125E1
1,380456293E2;3,065625000E1
1,381456293E2;3,060546875E1
1,382456293E2;3,061718750E1
1,383456293E2;3,055859375E1
1,384456293E2;3,058984375E1
1,385456293E2;3,053906250E1
1,386456293E2;3,061718750E1
1,387456293E2;3,060546875E1
1,388456293E2;3,058984375E1
1,389456293E2;3,058984375E1
1,390456293E2;3,055859375E1
1,391456293E2;3,059765625E1
1,392456293E2;3,056640625E1
1,393456293E2;3,058203125E1
1,394456293E2;3,057421875E1
1,395456293E2;3,057421875E1
1,396456293E2;3,062500000E1
1,397456293E2;3,057421875E1
1,398456293E2;3,062500000E1
1,399456293E2;3,058203125E1
1,400456293E2;3,053515625E1
1,401456293E2;3,061718750E1
1,402456293E2;3,057421875E1
1,403456293E2;3,057421875E1
1,404456293E2;3,059765625E1
1,405456293E2;3,058984375E1
1,406456293E2;3,059765625E1
1,407456293E2;3,062500000E1
1,408456293E2;3,056640625E1
1,409456293E2;3,055859375E1
1,410456293E2;3,060546875E1
1,411456293E2;3,058203125E1
1,412456293E2;3,057421875E1
1,413456293E2;3,055859375E1
1,414456293E2;3,059765625E1
1,415456293E2;3,055078125E1
1,416456293E2;3,057421875E1
1,417456293E2;3,056640625E1
1,418456293E2;3,055078125E1
1,419456293E2;3,056640625E1
1,420456293E2;3,062500000E1
1,421456293E2;3,059765625E1
1,422456293E2;3,058203125E1
1,423456293E2;3,055859375E1
1,424456293E2;3,060546875E1
1,425456293E2;3,058984375E1
1,426456293E2;3,058984375E1
1,427456293E2;3,060546875E1
1,428456293E2;3,058203125E1
1,429456293E2;3,058203125E1
1,430456293E2;3,058203125E1
1,431456293E2;3,053515625E1
1,432456293E2;3,054687500E1
1,433456293E2;3,058203125E1
1,434456293E2;3,053906250E1
1,435456293E2;3,055859375E1
1,436456293E2;3,055859375E1
1,437456293E2;3,058203125E1
1,438456293E2;3,055859375E1
1,439456293E2;3,058203125E1
1,440456293E2;3,053515625E1
1,441456293E2;3,057421875E1
1,442456293E2;3,054687500E1
1,443456293E2;3,058203125E1
1,444456293E2;3,055859375E1
1,445456293E2;3,052734375E1
1,446456293E2;3,051953125E1
1,447456293E2;3,053906250E1
1,448456293E2;3,055078125E1
1,449456293E2;3,054687500E1
1,450456293E2;3,053515625E1
1,451456293E2;3,055859375E1
1,452456293E2;3,055468750E1
1,453456293E2;3,053515625E1
1,454456293E2;3,056250000E1
1,455456293E2;3,053906250E1
1,456456293E2;3,053906250E1
1,457456293E2;3,057421875E1
1,458456293E2;3,053515625E1
1,459456293E2;3,053906250E1
1,460456293E2;3,056250000E1
1,461456293E2;3,051562500E1
1,462456293E2;3,057421875E1
1,463456293E2;3,054687500E1
1,464456293E2;3,053906250E1
1,465456293E2;3,053906250E1
1,466456293E2;3,058984375E1
1,467456293E2;3,051171875E1
1,468456293E2;3,055078125E1
1,469456293E2;3,057421875E1
1,470456293E2;3,055859375E1
1,471456293E2;3,056640625E1
1,472456293E2;3,056250000E1
1,473456293E2;3,058984375E1
1,474456293E2;3,053906250E1
1,475456293E2;3,053906250E1
1,476456293E2;3,052734375E1
1,477456293E2;3,052734375E1
1,478456293E2;3,059375000E1
1,479456293E2;3,053906250E1
1,480456293E2;3,055078125E1
1,481456293E2;3,052734375E1
1,482456293E2;3,055078125E1
1,483456293E2;3,057421875E1
1,484456293E2;3,055078125E1
1,485456293E2;3,056250000E1
1,486456293E2;3,055078125E1
1,487456293E2;3,058203125E1
1,488456293E2;3,058203125E1
1,489456293E2;3,058984375E1
1,490456293E2;3,056640625E1
1,491456293E2;3,057031250E1
1,492456293E2;3,053906250E1
1,493456293E2;3,053906250E1
1,494456293E2;3,055859375E1
1,495456293E2;3,056640625E1
1,496456293E2;3,058203125E1
1,497456293E2;3,053515625E1
1,498456293E2;3,053515625E1
1,499456293E2;3,055078125E1
1,500456293E2;3,056640625E1
1,501456293E2;3,057421875E1
1,502456293E2;3,058203125E1
1,503456293E2;3,058984375E1
1,504456293E2;3,053906250E1
1,505456293E2;3,053515625E1
1,506456293E2;3,058203125E1
1,507456293E2;3,058203125E1
1,508456293E2;3,055078125E1
1,509456293E2;3,053906250E1
1,510456293E2;3,052734375E1
1,511456293E2;3,053515625E1
1,512456293E2;3,057812500E1
1,513456293E2;3,050390625E1
1,514456293E2;3,058593750E1
1,515456293E2;3,057421875E1
1,516456293E2;3,055078125E1
1,517456293E2;3,053906250E1
1,518456293E2;3,056640625E1
1,519456293E2;3,055078125E1
1,520456293E2;3,050390625E1
1,521456293E2;3,057421875E1
1,522456293E2;3,053515625E1
1,523456293E2;3,058203125E1
1,524456293E2;3,060546875E1
1,525456293E2;3,057421875E1
1,526456293E2;3,058203125E1
1,527456293E2;3,051953125E1
1,528456293E2;3,055859375E1
1,529456293E2;3,059765625E1
1,530456293E2;3,058203125E1
1,531456293E2;3,058984375E1
1,532456293E2;3,062500000E1
1,533456293E2;3,058984375E1
1,534456293E2;3,058203125E1
1,535456293E2;3,057421875E1
1,536456293E2;3,056640625E1
1,537456293E2;3,061718750E1
1,538456293E2;3,061718750E1
1,539456293E2;3,060546875E1
1,540456293E2;3,056640625E1
1,541456293E2;3,062500000E1
1,542456293E2;3,062500000E1
1,543456293E2;3,062500000E1
1,544456293E2;3,058984375E1
1,545456293E2;3,064062500E1
1,546456293E2;3,064843750E1
1,547456293E2;3,064062500E1
1,548456293E2;3,063281250E1
1,549456293E2;3,058593750E1
1,550456293E2;3,063281250E1
1,551456293E2;3,063281250E1
1,552456293E2;3,057421875E1
1,553456293E2;3,059765625E1
1,554456293E2;3,059765625E1
1,555456293E2;3,064062500E1
1,556456293E2;3,062500000E1
1,557456293E2;3,059765625E1
1,558456293E2;3,058984375E1
1,559456293E2;3,058203125E1
1,560456293E2;3,064062500E1
1,561456293E2;3,063281250E1
1,562456293E2;3,061718750E1
1,563456293E2;3,058984375E1
1,564456293E2;3,058203125E1
1,565456293E2;3,061718750E1
1,566456293E2;3,057421875E1
1,567456293E2;3,067968750E1
1,568456293E2;3,064843750E1
1,569456293E2;3,059765625E1
1,570456293E2;3,060546875E1
1,571456293E2;3,058984375E1
1,572456293E2;3,064062500E1
1,573456293E2;3,060546875E1
1,574456293E2;3,061718750E1
1,575456293E2;3,063281250E1
1,576456293E2;3,061718750E1
1,577456293E2;3,064062500E1
1,578456293E2;3,064062500E1
1,579456293E2;3,064062500E1
1,580456293E2;3,062500000E1
1,581456293E2;3,061328125E1
1,582456293E2;3,064843750E1
1,583456293E2;3,067187500E1
1,584456293E2;3,065625000E1
1,585456293E2;3,066406250E1
1,586456293E2;3,065234375E1
1,587456293E2;3,065625000E1
1,588456293E2;3,064453125E1
1,589456293E2;3,061718750E1
1,590456293E2;3,064843750E1
1,591456293E2;3,063281250E1
1,592456293E2;3,063281250E1
1,593456293E2;3,064062500E1
1,594456293E2;3,063671875E1
1,595456293E2;3,063281250E1
1,596456293E2;3,066406250E1
1,597456293E2;3,064062500E1
1,598456293E2;3,064843750E1
1,599456293E2;3,058984375E1
1,600456293E2;3,065625000E1
1,601456293E2;3,059765625E1
1,602456293E2;3,061718750E1
1,603456293E2;3,063281250E1
1,604456293E2;3,064062500E1
1,605456293E2;3,064843750E1
1,606456293E2;3,064843750E1
1,607456293E2;3,061328125E1
1,608456293E2;3,061718750E1
1,609456293E2;3,064843750E1
1,610456293E2;3,064843750E1
1,611456293E2;3,062500000E1
1,612456293E2;3,061718750E1
1,613456293E2;3,064062500E1
1,614456293E2;3,064843750E1
1,615456293E2;3,061328125E1
1,616456293E2;3,061718750E1
1,617456293E2;3,061718750E1
1,618456293E2;3,062500000E1
1,619456293E2;3,064843750E1
1,620456293E2;3,065625000E1
1,621456293E2;3,063281250E1
1,622456293E2;3,066015625E1
1,623456293E2;3,065234375E1
1,624456293E2;3,064843750E1
1,625456293E2;3,063281250E1
1,626456293E2;3,066406250E1
1,627456293E2;3,066796875E1
1,628456293E2;3,058203125E1
1,629456293E2;3,066796875E1
1,630456293E2;3,066796875E1
1,631456293E2;3,063671875E1
1,632456293E2;3,066015625E1
1,633456293E2;3,069531250E1
1,634456293E2;3,065234375E1
1,635456293E2;3,064843750E1
1,636456293E2;3,065234375E1
1,637456293E2;3,068359375E1
1,638456293E2;3,063281250E1
1,639456293E2;3,066406250E1
1,640456293E2;3,064062500E1
1,641456293E2;3,066796875E1
1,642456293E2;3,071484375E1
1,643456293E2;3,067968750E1
1,644456293E2;3,068750000E1
1,645456293E2;3,068750000E1
1,646456293E2;3,069140625E1
1,647456293E2;3,066796875E1
1,648456293E2;3,066796875E1
1,649456293E2;3,069140625E1
1,650456293E2;3,072265625E1
1,651456293E2;3,065234375E1
1,652456293E2;3,066015625E1
1,653456293E2;3,068750000E1
1,654456293E2;3,070703125E1
1,655456293E2;3,069140625E1
1,656456293E2;3,066015625E1
1,657456293E2;3,071484375E1
1,658456293E2;3,067968750E1
1,659456293E2;3,072265625E1
1,660456293E2;3,069921875E1
1,661456293E2;3,067187500E1
1,662456293E2;3,069921875E1
1,663456293E2;3,069140625E1
1,664456293E2;3,070312500E1
1,665456293E2;3,066796875E1
1,666456293E2;3,071093750E1
1,667456293E2;3,070703125E1
1,668456293E2;3,069140625E1
1,669456293E2;3,065625000E1
1,670456293E2;3,066406250E1
1,671456293E2;3,062500000E1
1,672456293E2;3,071484375E1
1,673456293E2;3,067968750E1
1,674456293E2;3,067187500E1
1,675456293E2;3,070703125E1
1,676456293E2;3,071484375E1
1,677456293E2;3,065625000E1
1,678456293E2;3,069921875E1
1,679456293E2;3,066796875E1
1,680456293E2;3,071093750E1
1,681456293E2;3,069140625E1
1,682456293E2;3,068359375E1
1,683456293E2;3,067187500E1
1,684456293E2;3,070703125E1
1,685456293E2;3,069140625E1
1,686456293E2;3,070703125E1
1,687456293E2;3,069140625E1
1,688456293E2;3,068750000E1
1,689456293E2;3,063281250E1
1,690456293E2;3,065625000E1
1,691456293E2;3,069531250E1
1,692456293E2;3,068359375E1
1,693456293E2;3,067968750E1
1,694456293E2;3,064062500E1
1,695456293E2;3,065234375E1
1,696456293E2;3,068359375E1
1,697456293E2;3,067187500E1
1,698456293E2;3,067968750E1
1,699456293E2;3,066796875E1
1,700456293E2;3,066796875E1
1,701456293E2;3,062500000E1
1,702456293E2;3,070312500E1
1,703456293E2;3,066406250E1
1,704456293E2;3,062500000E1
1,705456293E2;3,064843750E1
1,706456293E2;3,062109375E1
1,707456293E2;3,066406250E1
1,708456293E2;3,065625000E1
1,709456293E2;3,068359375E1
1,710456293E2;3,062109375E1
1,711456293E2;3,064843750E1
1,712456293E2;3,067968750E1
1,713456293E2;3,068750000E1
1,714456293E2;3,066796875E1
1,715456293E2;3,064843750E1
1,716456293E2;3,065625000E1
1,717456293E2;3,064843750E1
1,718456293E2;3,063671875E1
1,719456293E2;3,061718750E1
1,720456293E2;3,066406250E1
1,721456293E2;3,068359375E1
1,722456293E2;3,066796875E1
1,723456293E2;3,062500000E1
1,724456293E2;3,069921875E1
1,725456293E2;3,068750000E1
1,726456293E2;3,072265625E1
1,727456293E2;3,073046875E1
1,728456293E2;3,070703125E1
1,729456293E2;3,071484375E1
1,730456293E2;3,069921875E1
1,731456293E2;3,069921875E1
1,732456293E2;3,070703125E1
1,733456293E2;3,065234375E1
1,734456293E2;3,063671875E1
1,735456293E2;3,066796875E1
1,736456293E2;3,066796875E1
1,737456293E2;3,063281250E1
1,738456293E2;3,066796875E1
1,739456293E2;3,062109375E1
1,740456293E2;3,062500000E1
1,741456293E2;3,066796875E1
1,742456293E2;3,061718750E1
1,743456293E2;3,070312500E1
1,744456293E2;3,064843750E1
1,745456293E2;3,060546875E1
1,746456293E2;3,064062500E1
1,747456293E2;3,063671875E1
1,748456293E2;3,062500000E1
1,749456293E2;3,064843750E1
1,750456293E2;3,059765625E1
1,751456293E2;3,064062500E1
1,752456293E2;3,068750000E1
1,753456293E2;3,063281250E1
1,754456293E2;3,059375000E1
1,755456293E2;3,065625000E1
1,756456293E2;3,060546875E1
1,757456293E2;3,064062500E1
1,758456293E2;3,065234375E1
1,759456293E2;3,062500000E1
1,760456293E2;3,065625000E1
1,761456293E2;3,062500000E1
1,762456293E2;3,062500000E1
1,763456293E2;3,057421875E1
1,764456293E2;3,064843750E1
1,765456293E2;3,064843750E1
1,766456293E2;3,063281250E1
1,767456293E2;3,064062500E1
1,768456293E2;3,064843750E1
1,769456293E2;3,064453125E1
1,770456293E2;3,064453125E1
1,771456293E2;3,065625000E1
1,772456293E2;3,071484375E1
1,773456293E2;3,065625000E1
1,774456293E2;3,066015625E1
1,775456293E2;3,060156250E1
1,776456293E2;3,063281250E1
1,777456293E2;3,066406250E1
1,778456293E2;3,066796875E1
1,779456293E2;3,063281250E1
1,780456293E2;3,066015625E1
1,781456293E2;3,067968750E1
1,782456293E2;3,065234375E1
1,783456293E2;3,067187500E1
1,784456293E2;3,069140625E1
1,785456293E2;3,070703125E1
1,786456293E2;3,073046875E1
1,787456293E2;3,068359375E1
1,788456293E2;3,066796875E1
1,789456293E2;3,063281250E1
1,790456293E2;3,066796875E1
1,791456293E2;3,067968750E1
1,792456293E2;3,072265625E1
1,793456293E2;3,067187500E1
1,794456293E2;3,073828125E1
1,795456293E2;3,069921875E1
1,796456293E2;3,069531250E1
1,797456293E2;3,069921875E1
1,798456293E2;3,069921875E1
1,799456293E2;3,070703125E1
1,800456293E2;3,066796875E1
1,801456293E2;3,069921875E1
1,802456293E2;3,069140625E1
1,803456293E2;3,070703125E1
1,804456293E2;3,075000000E1
1,805456293E2;3,069921875E1
1,806456293E2;3,069140625E1
1,807456293E2;3,071484375E1
1,808456293E2;3,071484375E1
1,809456293E2;3,067187500E1
1,810456293E2;3,070703125E1
1,811456293E2;3,071484375E1
1,812456293E2;3,066796875E1
1,813456293E2;3,073046875E1
1,814456293E2;3,069921875E1
1,815456293E2;3,069921875E1
1,816456293E2;3,070703125E1
1,817456293E2;3,073046875E1
1,818456293E2;3,066796875E1
1,819456293E2;3,070703125E1
1,820456293E2;3,072265625E1
1,821456293E2;3,069140625E1
1,822456293E2;3,069140625E1
1,823456293E2;3,072265625E1
1,824456293E2;3,072265625E1
1,825456293E2;3,068359375E1
1,826456293E2;3,073046875E1
1,827456293E2;3,069140625E1
1,828456293E2;3,069140625E1
1,829456293E2;3,071484375E1
1,830456293E2;3,073046875E1
1,831456293E2;3,069921875E1
1,832456293E2;3,072265625E1
1,833456293E2;3,070703125E1
1,834456293E2;3,069921875E1
1,835456293E2;3,071484375E1
1,836456293E2;3,070703125E1
1,837456293E2;3,072265625E1
1,838456293E2;3,072265625E1
1,839456293E2;3,070703125E1
1,840456293E2;3,072265625E1
1,841456293E2;3,069921875E1
1,842456293E2;3,075781250E1
1,843456293E2;3,072265625E1
1,844456293E2;3,071484375E1
1,845456293E2;3,077343750E1
1,846456293E2;3,073828125E1
1,847456293E2;3,070703125E1
1,848456293E2;3,073046875E1
1,849456293E2;3,076562500E1
1,850456293E2;3,073828125E1
1,851456293E2;3,071484375E1
1,852456293E2;3,072265625E1
1,853456293E2;3,071484375E1
1,854456293E2;3,073046875E1
1,855456293E2;3,073828125E1
1,856456293E2;3,067187500E1
1,857456293E2;3,071484375E1
1,858456293E2;3,071484375E1
1,859456293E2;3,072265625E1
1,860456293E2;3,073828125E1
1,861456293E2;3,070703125E1
1,862456293E2;3,070703125E1
1,863456293E2;3,071484375E1
1,864456293E2;3,071484375E1
1,865456293E2;3,071484375E1
1,866456293E2;3,075781250E1
1,867456293E2;3,072265625E1
1,868456293E2;3,075000000E1
1,869456293E2;3,073828125E1
1,870456293E2;3,075781250E1
1,871456293E2;3,072265625E1
1,872456293E2;3,075781250E1
1,873456293E2;3,073828125E1
1,874456293E2;3,076562500E1
1,875456293E2;3,072265625E1
1,876456293E2;3,075000000E1
1,877456293E2;3,073828125E1
1,878456293E2;3,073828125E1
1,879456293E2;3,073046875E1
1,880456293E2;3,070703125E1
1,881456293E2;3,073046875E1
1,882456293E2;3,075781250E1
1,883456293E2;3,072265625E1
1,884456293E2;3,075000000E1
1,885456293E2;3,073828125E1
1,886456293E2;3,075000000E1
1,887456293E2;3,078906250E1
1,888456293E2;3,075000000E1
1,889456293E2;3,077343750E1
1,890456293E2;3,075000000E1
1,891456293E2;3,078125000E1
1,892456293E2;3,072265625E1
1,893456293E2;3,076562500E1
1,894456293E2;3,073828125E1
1,895456293E2;3,075000000E1
1,896456293E2;3,075000000E1
1,897456293E2;3,073828125E1
1,898456293E2;3,073828125E1
1,899456293E2;3,073828125E1
1,900456293E2;3,073828125E1
1,901456293E2;3,075000000E1
1,902456293E2;3,072265625E1
1,903456293E2;3,075000000E1
1,904456293E2;3,075781250E1
1,905456293E2;3,078125000E1
1,906456293E2;3,076562500E1
1,907456293E2;3,075781250E1
1,908456293E2;3,078125000E1
1,909456293E2;3,081250000E1
1,910456293E2;3,076562500E1
1,911456293E2;3,079687500E1
1,912456293E2;3,081250000E1
1,913456293E2;3,078906250E1
1,914456293E2;3,079687500E1
1,915456293E2;3,079687500E1
1,916456293E2;3,078125000E1
1,917456293E2;3,080078125E1
1,918456293E2;3,082031250E1
1,919456293E2;3,079687500E1
1,920456293E2;3,081250000E1
1,921456293E2;3,080468750E1
1,922456293E2;3,078906250E1
1,923456293E2;3,080078125E1
1,924456293E2;3,077734375E1
1,925456293E2;3,082812500E1
1,926456293E2;3,079687500E1
1,927456293E2;3,080468750E1
1,928456293E2;3,079687500E1
1,929456293E2;3,079296875E1
1,930456293E2;3,082031250E1
1,931456293E2;3,080468750E1
1,932456293E2;3,083203125E1
1,933456293E2;3,083203125E1
1,934456293E2;3,084765625E1
1,935456293E2;3,086328125E1
1,936456293E2;3,081640625E1
1,937456293E2;3,086328125E1
1,938456293E2;3,083984375E1
1,939456293E2;3,085546875E1
1,940456293E2;3,085546875E1
1,941456293E2;3,083984375E1
1,942456293E2;3,081640625E1
1,943456293E2;3,085546875E1
1,944456293E2;3,088281250E1
1,945456293E2;3,084765625E1
1,946456293E2;3,082421875E1
1,947456293E2;3,089062500E1
1,948456293E2;3,085546875E1
1,949456293E2;3,087109375E1
1,950456293E2;3,092578125E1
1,951456293E2;3,088281250E1
1,952456293E2;3,089062500E1
1,953456293E2;3,088281250E1
1,954456293E2;3,090625000E1
1,955456293E2;3,089062500E1
1,956456293E2;3,091015625E1
1,957456293E2;3,092187500E1
1,958456293E2;3,088671875E1
1,959456293E2;3,088281250E1
1,960456293E2;3,091406250E1
1,961456293E2;3,093359375E1
1,962456293E2;3,092578125E1
1,963456293E2;3,094531250E1
1,964456293E2;3,094921875E1
1,965456293E2;3,094921875E1
1,966456293E2;3,096484375E1
1,967456293E2;3,094921875E1
1,968456293E2;3,096484375E1
1,969456293E2;3,096484375E1
1,970456293E2;3,097656250E1
1,971456293E2;3,098046875E1
1,972456293E2;3,094921875E1
1,973456293E2;3,095703125E1
1,974456293E2;3,097265625E1
1,975456293E2;3,097265625E1
1,976456293E2;3,093750000E1
1,977456293E2;3,095703125E1
1,978456293E2;3,092578125E1
1,979456293E2;3,096484375E1
1,980456293E2;3,095703125E1
1,981456293E2;3,093750000E1
1,982456293E2;3,094921875E1
1,983456293E2;3,094921875E1
1,984456293E2;3,098828125E1
1,985456293E2;3,096484375E1
1,986456293E2;3,099609375E1
1,987456293E2;3,101562500E1
1,988456293E2;3,098046875E1
1,989456293E2;3,097265625E1
1,990456293E2;3,100390625E1
1,991456293E2;3,098828125E1
1,992456293E2;3,097265625E1
1,993456293E2;3,100390625E1
1,994456293E2;3,101562500E1
1,995456293E2;3,102343750E1
1,996456293E2;3,098828125E1
1,997456293E2;3,101562500E1
1,998456293E2;3,098828125E1
1,999456293E2;3,099609375E1
2,000456293E2;3,102343750E1
2,001456293E2;3,102343750E1
2,002456293E2;3,099609375E1
2,003456293E2;3,101562500E1
2,004456293E2;3,100390625E1
2,005456293E2;3,102343750E1
2,006456293E2;3,103125000E1
2,007456293E2;3,102343750E1
2,008456293E2;3,103906250E1
2,009456293E2;3,106250000E1
2,010456293E2;3,107812500E1
2,011456293E2;3,104296875E1
2,012456293E2;3,108593750E1
2,013456293E2;3,105859375E1
2,014456293E2;3,108593750E1
2,015456293E2;3,107031250E1
2,016456293E2;3,106250000E1
2,017456293E2;3,108984375E1
2,018456293E2;3,115625000E1
2,019456293E2;3,108203125E1
2,020456293E2;3,106250000E1
2,021456293E2;3,110546875E1
2,022456293E2;3,109765625E1
2,023456293E2;3,112890625E1
2,024456293E2;3,108203125E1
2,025456293E2;3,105468750E1
2,026456293E2;3,112890625E1
2,027456293E2;3,115625000E1
2,028456293E2;3,114843750E1
2,029456293E2;3,116406250E1
2,030456293E2;3,112890625E1
2,031456293E2;3,112890625E1
2,032456293E2;3,108203125E1
2,033456293E2;3,111718750E1
2,034456293E2;3,115625000E1
2,035456293E2;3,111328125E1
2,036456293E2;3,117578125E1
2,037456293E2;3,116406250E1
2,038456293E2;3,117968750E1
2,039456293E2;3,114843750E1
2,040456293E2;3,117578125E1
2,041456293E2;3,121093750E1
2,042456293E2;3,116406250E1
2,043456293E2;3,117187500E1
2,044456293E2;3,119140625E1
2,045456293E2;3,117968750E1
2,046456293E2;3,117187500E1
2,047456293E2;3,115234375E1
2,048456293E2;3,121875000E1
2,049456293E2;3,116406250E1
2,050456293E2;3,114843750E1
2,051456293E2;3,121484375E1
2,052456293E2;3,115625000E1
2,053456293E2;3,119531250E1
2,054456293E2;3,115625000E1
2,055456293E2;3,121875000E1
2,056456293E2;3,112109375E1
2,057456293E2;3,121875000E1
2,058456293E2;3,122265625E1
2,059456293E2;3,123046875E1
2,060456293E2;3,123046875E1
2,061456293E2;3,122656250E1
2,062456293E2;3,118359375E1
2,063456293E2;3,123828125E1
2,064456293E2;3,121484375E1
2,065456293E2;3,117187500E1
2,066456293E2;3,119531250E1
2,067456293E2;3,116015625E1
2,068456293E2;3,116406250E1
2,069456293E2;3,121484375E1
2,070456293E2;3,116406250E1
2,071456293E2;3,118359375E1
2,072456293E2;3,122265625E1
2,073456293E2;3,120312500E1
2,074456293E2;3,118750000E1
2,075456293E2;3,117578125E1
2,076456293E2;3,123046875E1
2,077456293E2;3,120312500E1
2,078456293E2;3,120312500E1
2,079456293E2;3,117968750E1
2,080456293E2;3,122265625E1
2,081456293E2;3,118750000E1
2,082456293E2;3,121875000E1
2,083456293E2;3,116406250E1
2,084456293E2;3,119531250E1
2,085456293E2;3,119921875E1
2,086456293E2;3,119531250E1
2,087456293E2;3,119140625E1
2,088456293E2;3,119531250E1
2,089456293E2;3,119921875E1
2,090456293E2;3,119921875E1
2,091456293E2;3,120312500E1
2,092456293E2;3,123046875E1
2,093456293E2;3,117968750E1
2,094456293E2;3,115234375E1
2,095456293E2;3,121484375E1
2,096456293E2;3,123437500E1
2,097456293E2;3,123828125E1
2,098456293E2;3,118359375E1
2,099456293E2;3,123828125E1
2,100456293E2;3,122265625E1
2,101456293E2;3,119531250E1
2,102456293E2;3,119531250E1
2,103456293E2;3,121875000E1
2,104456293E2;3,121484375E1
2,105456293E2;3,123828125E1
2,106456293E2;3,123046875E1
2,107456293E2;3,123046875E1
2,108456293E2;3,120312500E1
2,109456293E2;3,125390625E1
2,110456293E2;3,122265625E1
2,111456293E2;3,120312500E1
2,112456293E2;3,121484375E1
2,113456293E2;3,121484375E1
2,114456293E2;3,123828125E1
2,115456293E2;3,123828125E1
2,116456293E2;3,123046875E1
2,117456293E2;3,118750000E1
2,118456293E2;3,122265625E1
2,119456293E2;3,123828125E1
2,120456293E2;3,123828125E1
2,121456293E2;3,121484375E1
2,122456293E2;3,123046875E1
2,123456293E2;3,124609375E1
2,124456293E2;3,121484375E1
2,125456293E2;3,124609375E1
2,126456293E2;3,119531250E1
2,127456293E2;3,121484375E1
2,128456293E2;3,117578125E1
2,129456293E2;3,123046875E1
2,130456293E2;3,123046875E1
2,131456293E2;3,121484375E1
2,132456293E2;3,121484375E1
2,133456293E2;3,121484375E1
2,134456293E2;3,120312500E1
2,135456293E2;3,124609375E1
2,136456293E2;3,126171875E1
2,137456293E2;3,126171875E1
2,138456293E2;3,126171875E1
2,139456293E2;3,120312500E1
2,140456293E2;3,122265625E1
2,141456293E2;3,123828125E1
2,142456293E2;3,126953125E1
2,143456293E2;3,122265625E1
2,144456293E2;3,121484375E1
2,145456293E2;3,122265625E1
2,146456293E2;3,123828125E1
2,147456293E2;3,121484375E1
2,148456293E2;3,123046875E1
2,149456293E2;3,128125000E1
2,150456293E2;3,119531250E1
2,151456293E2;3,123046875E1
2,152456293E2;3,123828125E1
2,153456293E2;3,121484375E1
2,154456293E2;3,123828125E1
2,155456293E2;3,123828125E1
2,156456293E2;3,124609375E1
2,157456293E2;3,123046875E1
2,158456293E2;3,119921875E1
2,159456293E2;3,121484375E1
2,160456293E2;3,118750000E1
2,161456293E2;3,122265625E1
2,162456293E2;3,118359375E1
2,163456293E2;3,119531250E1
2,164456293E2;3,122265625E1
2,165456293E2;3,121484375E1
2,166456293E2;3,123046875E1
2,167456293E2;3,124609375E1
2,168456293E2;3,120312500E1
2,169456293E2;3,123828125E1
2,170456293E2;3,123828125E1
2,171456293E2;3,123828125E1
2,172456293E2;3,123828125E1
2,173456293E2;3,123828125E1
2,174456293E2;3,122265625E1
2,175456293E2;3,123046875E1
2,176456293E2;3,119531250E1
2,177456293E2;3,119531250E1
2,178456293E2;3,128125000E1
2,179456293E2;3,126171875E1
2,180456293E2;3,123046875E1
2,181456293E2;3,126171875E1
2,182456293E2;3,125390625E1
2,183456293E2;3,120312500E1
2,184456293E2;3,121484375E1
2,185456293E2;3,122265625E1
2,186456293E2;3,123828125E1
2,187456293E2;3,126171875E1
2,188456293E2;3,128125000E1
2,189456293E2;3,123828125E1
2,190456293E2;3,125390625E1
2,191456293E2;3,120312500E1
2,192456293E2;3,123828125E1
2,193456293E2;3,128125000E1
2,194456293E2;3,122265625E1
2,195456293E2;3,126953125E1
2,196456293E2;3,125390625E1
2,197456293E2;3,126171875E1
2,198456293E2;3,124609375E1
2,199456293E2;3,126953125E1
2,200456293E2;3,125390625E1
2,201456293E2;3,124609375E1
2,202456293E2;3,128125000E1
2,203456293E2;3,124609375E1
2,204456293E2;3,124609375E1
2,205456293E2;3,126953125E1
2,206456293E2;3,125390625E1
2,207456293E2;3,126171875E1
2,208456293E2;3,126171875E1
2,209456293E2;3,125390625E1
2,210456293E2;3,125390625E1
2,211456293E2;3,123046875E1
2,212456293E2;3,123046875E1
2,213456293E2;3,123828125E1
2,214456293E2;3,123046875E1
2,215456293E2;3,126171875E1
2,216456293E2;3,129687500E1
2,217456293E2;3,124609375E1
2,218456293E2;3,123046875E1
2,219456293E2;3,125390625E1
2,220456293E2;3,124609375E1
2,221456293E2;3,125390625E1
2,222456293E2;3,130468750E1
2,223456293E2;3,128906250E1
2,224456293E2;3,128906250E1
2,225456293E2;3,126953125E1
2,226456293E2;3,126171875E1
2,227456293E2;3,126171875E1
2,228456293E2;3,125390625E1
2,229456293E2;3,128125000E1
2,230456293E2;3,126171875E1
2,231456293E2;3,125390625E1
2,232456293E2;3,128125000E1
2,233456293E2;3,125390625E1
2,234456293E2;3,125390625E1
2,235456293E2;3,126953125E1
2,236456293E2;3,130468750E1
2,237456293E2;3,128906250E1
2,238456293E2;3,126171875E1
2,239456293E2;3,126953125E1
2,240456293E2;3,131250000E1
2,241456293E2;3,130468750E1
2,242456293E2;3,130468750E1
2,243456293E2;3,125781250E1
2,244456293E2;3,130468750E1
2,245456293E2;3,130468750E1
2,246456293E2;3,129687500E1
2,247456293E2;3,126953125E1
2,248456293E2;3,130078125E1
2,249456293E2;3,132812500E1
2,250456293E2;3,133593750E1
2,251456293E2;3,130859375E1
2,252456293E2;3,134765625E1
2,253456293E2;3,126953125E1
2,254456293E2;3,125390625E1
2,255456293E2;3,130078125E1
2,256456293E2;3,128906250E1
2,257456293E2;3,131640625E1
2,258456293E2;3,131640625E1
2,259456293E2;3,131250000E1
2,260456293E2;3,128906250E1
2,261456293E2;3,130468750E1
2,262456293E2;3,130468750E1
2,263456293E2;3,129687500E1
2,264456293E2;3,130468750E1
2,265456293E2;3,129687500E1
2,266456293E2;3,126171875E1
2,267456293E2;3,129687500E1
2,268456293E2;3,128125000E1
2,269456293E2;3,129687500E1
2,270456293E2;3,128125000E1
2,271456293E2;3,130859375E1
2,272456293E2;3,130468750E1
2,273456293E2;3,126953125E1
2,274456293E2;3,131250000E1
2,275456293E2;3,132812500E1
2,276456293E2;3,131250000E1
2,277456293E2;3,131250000E1
2,278456293E2;3,129687500E1
2,279456293E2;3,134765625E1
2,280456293E2;3,130859375E1
2,281456293E2;3,130859375E1
2,282456293E2;3,134375000E1
2,283456293E2;3,133593750E1
2,284456293E2;3,133593750E1
2,285456293E2;3,131640625E1
2,286456293E2;3,136328125E1
2,287456293E2;3,132031250E1
2,288456293E2;3,130078125E1
2,289456293E2;3,132421875E1
2,290456293E2;3,132812500E1
2,291456293E2;3,134765625E1
2,292456293E2;3,135546875E1
2,293456293E2;3,137109375E1
2,294456293E2;3,132031250E1
2,295456293E2;3,136328125E1
2,296456293E2;3,134765625E1
2,297456293E2;3,132812500E1
2,298456293E2;3,136328125E1
2,299456293E2;3,135546875E1
2,300456293E2;3,135546875E1
2,301456293E2;3,135546875E1
2,302456293E2;3,132812500E1
2,303456293E2;3,137890625E1
2,304456293E2;3,137890625E1
2,305456293E2;3,137109375E1
2,306456293E2;3,135546875E1
2,307456293E2;3,139453125E1
2,308456293E2;3,138671875E1
2,309456293E2;3,137109375E1
2,310456293E2;3,134765625E1
2,311456293E2;3,132812500E1
2,312456293E2;3,130859375E1
2,313456293E2;3,130859375E1
2,314456293E2;3,134375000E1
2,315456293E2;3,133203125E1
2,316456293E2;3,132812500E1
2,317456293E2;3,135546875E1
2,318456293E2;3,130078125E1
2,319456293E2;3,133203125E1
2,320456293E2;3,131250000E1
2,321456293E2;3,134765625E1
2,322456293E2;3,134765625E1
2,323456293E2;3,132812500E1
2,324456293E2;3,129296875E1
2,325456293E2;3,134375000E1
2,326456293E2;3,131250000E1
2,327456293E2;3,133593750E1
2,328456293E2;3,131250000E1
2,329456293E2;3,133593750E1
2,330456293E2;3,128515625E1
2,331456293E2;3,132031250E1
2,332456293E2;3,132031250E1
2,333456293E2;3,135546875E1
2,334456293E2;3,134765625E1
2,335456293E2;3,139453125E1
2,336456293E2;3,130859375E1
2,337456293E2;3,132031250E1
2,338456293E2;3,132812500E1
2,339456293E2;3,132812500E1
2,340456293E2;3,135156250E1
2,341456293E2;3,132812500E1
2,342456293E2;3,135546875E1
2,343456293E2;3,135546875E1
2,344456293E2;3,131250000E1
2,345456293E2;3,133593750E1
2,346456293E2;3,134765625E1
2,347456293E2;3,132421875E1
2,348456293E2;3,132031250E1
2,349456293E2;3,132421875E1
2,350456293E2;3,131250000E1
2,351456293E2;3,137109375E1
2,352456293E2;3,134375000E1
2,353456293E2;3,135546875E1
2,354456293E2;3,131640625E1
2,355456293E2;3,129296875E1
2,356456293E2;3,134765625E1
2,357456293E2;3,132812500E1
2,358456293E2;3,129296875E1
2,359456293E2;3,132031250E1
2,360456293E2;3,133593750E1
2,361456293E2;3,132031250E1
2,362456293E2;3,135546875E1
2,363456293E2;3,132421875E1
2,364456293E2;3,131250000E1
2,365456293E2;3,131250000E1
2,366456293E2;3,131250000E1
2,367456293E2;3,130859375E1
2,368456293E2;3,129687500E1
2,369456293E2;3,130468750E1
2,370456293E2;3,131250000E1
2,371456293E2;3,132421875E1
2,372456293E2;3,132031250E1
2,373456293E2;3,130859375E1
2,374456293E2;3,131250000E1
2,375456293E2;3,130468750E1
2,376456293E2;3,132812500E1
2,377456293E2;3,129687500E1
2,378456293E2;3,131250000E1
2,379456293E2;3,128906250E1
2,380456293E2;3,128125000E1
2,381456293E2;3,131250000E1
2,382456293E2;3,129687500E1
2,383456293E2;3,131250000E1
2,384456293E2;3,128906250E1
2,385456293E2;3,132421875E1
2,386456293E2;3,128125000E1
2,387456293E2;3,128906250E1
2,388456293E2;3,129687500E1
2,389456293E2;3,131640625E1
2,390456293E2;3,128125000E1
2,391456293E2;3,128125000E1
2,392456293E2;3,126953125E1
2,393456293E2;3,126171875E1
2,394456293E2;3,125390625E1
2,395456293E2;3,130078125E1
2,396456293E2;3,128125000E1
2,397456293E2;3,126171875E1
2,398456293E2;3,129687500E1
2,399456293E2;3,129687500E1
2,400456293E2;3,126953125E1
2,401456293E2;3,126953125E1
2,402456293E2;3,124609375E1
2,403456293E2;3,128906250E1
2,404456293E2;3,126953125E1
2,405456293E2;3,124609375E1
2,406456293E2;3,126953125E1
2,407456293E2;3,122265625E1
2,408456293E2;3,123828125E1
2,409456293E2;3,125390625E1
2,410456293E2;3,123828125E1
2,411456293E2;3,126171875E1
2,412456293E2;3,126171875E1
2,413456293E2;3,125390625E1
2,414456293E2;3,123046875E1
2,415456293E2;3,127734375E1
2,416456293E2;3,128906250E1
2,417456293E2;3,129687500E1
2,418456293E2;3,124609375E1
2,419456293E2;3,123828125E1
2,420456293E2;3,123828125E1
2,421456293E2;3,128906250E1
2,422456293E2;3,123828125E1
2,423456293E2;3,126171875E1
2,424456293E2;3,125390625E1
2,425456293E2;3,123828125E1
2,426456293E2;3,124609375E1
2,427456293E2;3,125390625E1
2,428456293E2;3,125390625E1
2,429456293E2;3,129687500E1
2,430456293E2;3,123828125E1
2,431456293E2;3,122265625E1
2,432456293E2;3,123828125E1
2,433456293E2;3,126953125E1
2,434456293E2;3,125390625E1
2,435456293E2;3,125390625E1
2,436456293E2;3,126171875E1
2,437456293E2;3,128125000E1
2,438456293E2;3,125390625E1
2,439456293E2;3,123828125E1
2,440456293E2;3,124609375E1
2,441456293E2;3,123046875E1
2,442456293E2;3,125390625E1
2,443456293E2;3,125390625E1
2,444456293E2;3,124609375E1
2,445456293E2;3,123046875E1
2,446456293E2;3,126171875E1
2,447456293E2;3,121484375E1
2,448456293E2;3,125390625E1
2,449456293E2;3,125390625E1
2,450456293E2;3,123828125E1
2,451456293E2;3,123046875E1
2,452456293E2;3,125390625E1
2,453456293E2;3,121484375E1
2,454456293E2;3,122265625E1
2,455456293E2;3,123046875E1
2,456456293E2;3,123828125E1
2,457456293E2;3,125390625E1
2,458456293E2;3,125390625E1
2,459456293E2;3,119531250E1
2,460456293E2;3,121484375E1
2,461456293E2;3,125390625E1
2,462456293E2;3,125390625E1
2,463456293E2;3,121484375E1
2,464456293E2;3,121484375E1
2,465456293E2;3,123828125E1
2,466456293E2;3,122265625E1
2,467456293E2;3,118359375E1
2,468456293E2;3,115234375E1
2,469456293E2;3,123437500E1
2,470456293E2;3,122265625E1
2,471456293E2;3,121484375E1
2,472456293E2;3,124609375E1
2,473456293E2;3,123828125E1
2,474456293E2;3,123046875E1
2,475456293E2;3,125390625E1
2,476456293E2;3,125390625E1
2,477456293E2;3,126171875E1
2,478456293E2;3,125390625E1
2,479456293E2;3,123828125E1
2,480456293E2;3,122265625E1
2,481456293E2;3,119921875E1
2,482456293E2;3,123046875E1
2,483456293E2;3,126171875E1
2,484456293E2;3,121484375E1
2,485456293E2;3,118359375E1
2,486456293E2;3,123046875E1
2,487456293E2;3,124609375E1
2,488456293E2;3,121484375E1
2,489456293E2;3,123828125E1
2,490456293E2;3,125390625E1
2,491456293E2;3,123828125E1
2,492456293E2;3,125390625E1
2,493456293E2;3,123046875E1
2,494456293E2;3,119531250E1
2,495456293E2;3,123828125E1
2,496456293E2;3,126171875E1
2,497456293E2;3,122265625E1
2,498456293E2;3,128125000E1
2,499456293E2;3,119531250E1
2,500456293E2;3,122265625E1
2,501456293E2;3,126171875E1
2,502456293E2;3,124609375E1
2,503456293E2;3,123046875E1
2,504456293E2;3,124609375E1
2,505456293E2;3,124609375E1
2,506456293E2;3,122265625E1
2,507456293E2;3,128125000E1
2,508456293E2;3,123828125E1
2,509456293E2;3,123828125E1
2,510456293E2;3,126171875E1
2,511456293E2;3,124609375E1
2,512456293E2;3,123828125E1
2,513456293E2;3,123828125E1
2,514456293E2;3,126171875E1
2,515456293E2;3,125390625E1
2,516456293E2;3,123046875E1
2,517456293E2;3,121484375E1
2,518456293E2;3,125390625E1
2,519456293E2;3,125390625E1
2,520456293E2;3,123828125E1
2,521456293E2;3,124609375E1
2,522456293E2;3,125390625E1
2,523456293E2;3,121484375E1
2,524456293E2;3,122265625E1
2,525456293E2;3,126171875E1
2,526456293E2;3,124609375E1
2,527456293E2;3,128125000E1
2,528456293E2;3,125390625E1
2,529456293E2;3,124609375E1
2,530456293E2;3,125390625E1
2,531456293E2;3,126953125E1
2,532456293E2;3,126171875E1
2,533456293E2;3,126953125E1
2,534456293E2;3,125390625E1
2,535456293E2;3,126953125E1
2,536456293E2;3,126171875E1
2,537456293E2;3,123046875E1
2,538456293E2;3,126953125E1
2,539456293E2;3,123046875E1
2,540456293E2;3,124609375E1
2,541456293E2;3,128125000E1
2,542456293E2;3,126171875E1
2,543456293E2;3,128906250E1
2,544456293E2;3,124609375E1
2,545456293E2;3,126953125E1
2,546456293E2;3,129687500E1
2,547456293E2;3,128125000E1
2,548456293E2;3,128125000E1
2,549456293E2;3,128906250E1
2,550456293E2;3,123046875E1
2,551456293E2;3,123828125E1
2,552456293E2;3,122265625E1
2,553456293E2;3,130468750E1
2,554456293E2;3,123828125E1
2,555456293E2;3,126171875E1
2,556456293E2;3,126171875E1
2,557456293E2;3,126953125E1
2,558456293E2;3,125390625E1
2,559456293E2;3,123046875E1
2,560456293E2;3,123046875E1
2,561456293E2;3,125390625E1
2,562456293E2;3,126953125E1
2,563456293E2;3,125390625E1
2,564456293E2;3,124609375E1
2,565456293E2;3,125390625E1
2,566456293E2;3,123046875E1
2,567456293E2;3,125390625E1
2,568456293E2;3,126953125E1
2,569456293E2;3,126953125E1
2,570456293E2;3,126953125E1
2,571456293E2;3,128906250E1
2,572456293E2;3,124609375E1
2,573456293E2;3,126171875E1
2,574456293E2;3,123046875E1
2,575456293E2;3,123828125E1
2,576456293E2;3,126953125E1
2,577456293E2;3,126953125E1
2,578456293E2;3,130468750E1
2,579456293E2;3,123046875E1
2,580456293E2;3,126953125E1
2,581456293E2;3,129687500E1
2,582456293E2;3,125390625E1
2,583456293E2;3,126953125E1
2,584456293E2;3,124609375E1
2,585456293E2;3,126171875E1
2,586456293E2;3,124609375E1
2,587456293E2;3,124609375E1
2,588456293E2;3,128125000E1
2,589456293E2;3,126171875E1
2,590456293E2;3,125390625E1
2,591456293E2;3,128906250E1
2,592456293E2;3,128906250E1
2,593456293E2;3,126171875E1
2,594456293E2;3,125390625E1
2,595456293E2;3,125390625E1
2,596456293E2;3,129687500E1
2,597456293E2;3,129687500E1
2,598456293E2;3,128906250E1
2,599456293E2;3,128906250E1
2,600456293E2;3,132421875E1
2,601456293E2;3,128125000E1
2,602456293E2;3,128906250E1
2,603456293E2;3,131640625E1
2,604456293E2;3,131250000E1
2,605456293E2;3,126562500E1
2,606456293E2;3,128906250E1
2,607456293E2;3,128906250E1
2,608456293E2;3,133203125E1
2,609456293E2;3,128906250E1
2,610456293E2;3,130468750E1
2,611456293E2;3,129687500E1
2,612456293E2;3,127734375E1
2,613456293E2;3,126953125E1
2,614456293E2;3,133593750E1
2,615456293E2;3,132031250E1
2,616456293E2;3,132031250E1
2,617456293E2;3,132031250E1
2,618456293E2;3,132031250E1
2,619456293E2;3,132812500E1
2,620456293E2;3,131250000E1
2,621456293E2;3,130078125E1
2,622456293E2;3,130078125E1
2,623456293E2;3,134765625E1
2,624456293E2;3,133593750E1
2,625456293E2;3,129296875E1
2,626456293E2;3,135546875E1
2,627456293E2;3,132812500E1
2,628456293E2;3,132031250E1
2,629456293E2;3,131250000E1
2,630456293E2;3,137109375E1
2,631456293E2;3,133203125E1
2,632456293E2;3,132031250E1
2,633456293E2;3,131250000E1
2,634456293E2;3,130078125E1
2,635456293E2;3,132031250E1
2,636456293E2;3,131250000E1
2,637456293E2;3,143750000E1
2,638456293E2;3,135156250E1
2,639456293E2;3,134765625E1
2,640456293E2;3,130078125E1
2,641456293E2;3,130859375E1
2,642456293E2;3,132031250E1
2,643456293E2;3,135937500E1
2,644456293E2;3,134765625E1
2,645456293E2;3,137500000E1
2,646456293E2;3,130859375E1
2,647456293E2;3,134765625E1
2,648456293E2;3,132812500E1
2,649456293E2;3,134765625E1
2,650456293E2;3,135546875E1
2,651456293E2;3,132421875E1
2,652456293E2;3,136328125E1
2,653456293E2;3,134765625E1
2,654456293E2;3,133593750E1
2,655456293E2;3,133593750E1
2,656456293E2;3,128515625E1
2,657456293E2;3,132031250E1
2,658456293E2;3,132812500E1
2,659456293E2;3,134765625E1
2,660456293E2;3,133593750E1
2,661456293E2;3,131640625E1
2,662456293E2;3,131250000E1
2,663456293E2;3,137109375E1
2,664456293E2;3,135546875E1
2,665456293E2;3,133593750E1
2,666456293E2;3,130859375E1
2,667456293E2;3,132031250E1
2,668456293E2;3,135546875E1
2,669456293E2;3,135546875E1
2,670456293E2;3,135546875E1
2,671456293E2;3,135546875E1
2,672456293E2;3,132031250E1
2,673456293E2;3,130859375E1
2,674456293E2;3,130078125E1
2,675456293E2;3,131640625E1
2,676456293E2;3,130468750E1
2,677456293E2;3,130859375E1
2,678456293E2;3,131250000E1
2,679456293E2;3,131250000E1
2,680456293E2;3,131250000E1
2,681456293E2;3,133593750E1
2,682456293E2;3,128515625E1
2,683456293E2;3,130859375E1
2,684456293E2;3,132421875E1
2,685456293E2;3,131250000E1
2,686456293E2;3,131250000E1
2,687456293E2;3,133203125E1
2,688456293E2;3,131250000E1
2,689456293E2;3,130078125E1
2,690456293E2;3,130859375E1
2,691456293E2;3,128125000E1
2,692456293E2;3,132812500E1
2,693456293E2;3,131250000E1
2,694456293E2;3,130078125E1
2,695456293E2;3,130859375E1
2,696456293E2;3,132812500E1
2,697456293E2;3,132031250E1
2,698456293E2;3,135546875E1
2,699456293E2;3,134375000E1
2,700456293E2;3,131250000E1
2,701456293E2;3,132031250E1
2,702456293E2;3,131250000E1
2,703456293E2;3,131640625E1
2,704456293E2;3,130468750E1
2,705456293E2;3,130468750E1
2,706456293E2;3,128906250E1
2,707456293E2;3,132421875E1
2,708456293E2;3,126953125E1
2,709456293E2;3,129687500E1
2,710456293E2;3,128906250E1
2,711456293E2;3,128906250E1
2,712456293E2;3,128906250E1
2,713456293E2;3,128125000E1
2,714456293E2;3,131250000E1
2,715456293E2;3,126171875E1
2,716456293E2;3,128906250E1
2,717456293E2;3,128125000E1
2,718456293E2;3,126953125E1
2,719456293E2;3,126171875E1
2,720456293E2;3,123046875E1
2,721456293E2;3,124609375E1
2,722456293E2;3,129687500E1
2,723456293E2;3,125390625E1
2,724456293E2;3,128906250E1
2,725456293E2;3,126171875E1
2,726456293E2;3,126953125E1
2,727456293E2;3,125390625E1
2,728456293E2;3,125390625E1
2,729456293E2;3,125390625E1
2,730456293E2;3,121484375E1
2,731456293E2;3,126171875E1
2,732456293E2;3,128125000E1
2,733456293E2;3,128125000E1
2,734456293E2;3,126953125E1
2,735456293E2;3,124609375E1
2,736456293E2;3,126953125E1
2,737456293E2;3,126953125E1
2,738456293E2;3,121484375E1
2,739456293E2;3,126953125E1
2,740456293E2;3,123828125E1
2,741456293E2;3,123828125E1
2,742456293E2;3,123046875E1
2,743456293E2;3,123046875E1
2,744456293E2;3,126171875E1
2,745456293E2;3,121484375E1
2,746456293E2;3,124609375E1
2,747456293E2;3,123828125E1
2,748456293E2;3,123828125E1
2,749456293E2;3,126171875E1
2,750456293E2;3,122265625E1
2,751456293E2;3,124609375E1
2,752456293E2;3,122265625E1
2,753456293E2;3,126953125E1
2,754456293E2;3,129687500E1
2,755456293E2;3,124609375E1
2,756456293E2;3,126171875E1
2,757456293E2;3,121484375E1
2,758456293E2;3,123828125E1
2,759456293E2;3,125390625E1
2,760456293E2;3,123828125E1
2,761456293E2;3,123828125E1
2,762456293E2;3,124609375E1
2,763456293E2;3,126171875E1
2,764456293E2;3,124609375E1
2,765456293E2;3,126171875E1
2,766456293E2;3,123828125E1
2,767456293E2;3,122265625E1
2,768456293E2;3,123046875E1
2,769456293E2;3,123046875E1
2,770456293E2;3,123828125E1
2,771456293E2;3,119531250E1
2,772456293E2;3,123828125E1
2,773456293E2;3,123828125E1
2,774456293E2;3,122265625E1
2,775456293E2;3,125390625E1
2,776456293E2;3,123828125E1
2,777456293E2;3,123046875E1
2,778456293E2;3,121484375E1
2,779456293E2;3,122265625E1
2,780456293E2;3,125390625E1
2,781456293E2;3,125390625E1
2,782456293E2;3,121484375E1
2,783456293E2;3,124609375E1
2,784456293E2;3,121484375E1
2,785456293E2;3,117578125E1
2,786456293E2;3,123828125E1
2,787456293E2;3,120312500E1
2,788456293E2;3,122265625E1
2,789456293E2;3,122265625E1
2,790456293E2;3,114453125E1
2,791456293E2;3,119531250E1
2,792456293E2;3,118750000E1
2,793456293E2;3,123828125E1
2,794456293E2;3,121484375E1
2,795456293E2;3,117578125E1
2,796456293E2;3,121093750E1
2,797456293E2;3,116796875E1
2,798456293E2;3,123046875E1
2,799456293E2;3,122265625E1
2,800456293E2;3,123437500E1
2,801456293E2;3,115234375E1
2,802456293E2;3,119531250E1
2,803456293E2;3,122265625E1
2,804456293E2;3,118359375E1
2,805456293E2;3,118750000E1
2,806456293E2;3,118750000E1
2,807456293E2;3,120312500E1
2,808456293E2;3,126953125E1
2,809456293E2;3,122265625E1
2,810456293E2;3,125390625E1
2,811456293E2;3,123046875E1
2,812456293E2;3,126171875E1
2,813456293E2;3,125390625E1
2,814456293E2;3,123046875E1
2,815456293E2;3,118359375E1
2,816456293E2;3,125390625E1
2,817456293E2;3,122265625E1
2,818456293E2;3,122265625E1
2,819456293E2;3,123828125E1
2,820456293E2;3,124609375E1
2,821456293E2;3,124609375E1
2,822456293E2;3,121484375E1
2,823456293E2;3,123046875E1
2,824456293E2;3,120312500E1
2,825456293E2;3,123828125E1
2,826456293E2;3,124609375E1
2,827456293E2;3,125390625E1
2,828456293E2;3,123828125E1
2,829456293E2;3,120312500E1
2,830456293E2;3,124609375E1
2,831456293E2;3,121484375E1
2,832456293E2;3,117968750E1
2,833456293E2;3,114843750E1
2,834456293E2;3,114843750E1
2,835456293E2;3,117578125E1
2,836456293E2;3,120312500E1
2,837456293E2;3,117187500E1
2,838456293E2;3,121484375E1
2,839456293E2;3,113671875E1
2,840456293E2;3,117578125E1
2,841456293E2;3,122656250E1
2,842456293E2;3,121484375E1
2,843456293E2;3,116406250E1
2,844456293E2;3,116406250E1
2,845456293E2;3,116406250E1
2,846456293E2;3,120312500E1
2,847456293E2;3,121093750E1
2,848456293E2;3,119531250E1
2,849456293E2;3,116796875E1
2,850456293E2;3,121484375E1
2,851456293E2;3,116015625E1
2,852456293E2;3,117968750E1
2,853456293E2;3,117187500E1
2,854456293E2;3,116406250E1
2,855456293E2;3,117968750E1
2,856456293E2;3,114453125E1
2,857456293E2;3,120312500E1
2,858456293E2;3,115625000E1
2,859456293E2;3,118359375E1
2,860456293E2;3,120312500E1
2,861456293E2;3,118359375E1
2,862456293E2;3,116406250E1
2,863456293E2;3,113671875E1
2,864456293E2;3,116406250E1
2,865456293E2;3,119531250E1
2,866456293E2;3,117187500E1
2,867456293E2;3,112109375E1
2,868456293E2;3,110546875E1
2,869456293E2;3,116406250E1
2,870456293E2;3,113671875E1
2,871456293E2;3,115234375E1
2,872456293E2;3,116406250E1
2,873456293E2;3,112109375E1
2,874456293E2;3,115625000E1
2,875456293E2;3,112890625E1
2,876456293E2;3,111718750E1
2,877456293E2;3,112109375E1
2,878456293E2;3,113671875E1
2,879456293E2;3,119921875E1
2,880456293E2;3,113671875E1
2,881456293E2;3,112500000E1
2,882456293E2;3,112109375E1
2,883456293E2;3,114843750E1
2,884456293E2;3,115625000E1
2,885456293E2;3,116406250E1
2,886456293E2;3,108984375E1
2,887456293E2;3,112890625E1
2,888456293E2;3,114843750E1
2,889456293E2;3,113671875E1
2,890456293E2;3,112109375E1
2,891456293E2;3,111328125E1
2,892456293E2;3,113671875E1
2,893456293E2;3,113671875E1
2,894456293E2;3,112890625E1
2,895456293E2;3,112109375E1
2,896456293E2;3,110546875E1
2,897456293E2;3,116406250E1
2,898456293E2;3,112109375E1
2,899456293E2;3,113671875E1
2,900456293E2;3,111328125E1
2,901456293E2;3,116406250E1
2,902456293E2;3,113671875E1
2,903456293E2;3,111328125E1
2,904456293E2;3,113671875E1
2,905456293E2;3,112890625E1
2,906456293E2;3,111328125E1
2,907456293E2;3,115625000E1
2,908456293E2;3,112109375E1
2,909456293E2;3,111328125E1
2,910456293E2;3,112109375E1
2,911456293E2;3,112890625E1
2,912456293E2;3,108984375E1
2,913456293E2;3,112890625E1
2,914456293E2;3,115625000E1
2,915456293E2;3,108984375E1
2,916456293E2;3,110546875E1
2,917456293E2;3,109765625E1
2,918456293E2;3,112109375E1
2,919456293E2;3,113671875E1
2,920456293E2;3,107031250E1
2,921456293E2;3,108203125E1
2,922456293E2;3,114843750E1
2,923456293E2;3,108203125E1
2,924456293E2;3,111328125E1
2,925456293E2;3,108984375E1
2,926456293E2;3,112109375E1
2,927456293E2;3,115625000E1
2,928456293E2;3,114843750E1
2,929456293E2;3,111328125E1
2,930456293E2;3,107031250E1
2,931456293E2;3,110546875E1
2,932456293E2;3,108984375E1
2,933456293E2;3,112109375E1
2,934456293E2;3,105468750E1
2,935456293E2;3,107031250E1
2,936456293E2;3,107031250E1
2,937456293E2;3,108203125E1
2,938456293E2;3,110546875E1
2,939456293E2;3,109765625E1
2,940456293E2;3,108984375E1
2,941456293E2;3,109765625E1
2,942456293E2;3,112109375E1
2,943456293E2;3,112109375E1
2,944456293E2;3,106250000E1
2,945456293E2;3,111328125E1
2,946456293E2;3,111328125E1
2,947456293E2;3,109765625E1
2,948456293E2;3,108203125E1
2,949456293E2;3,108984375E1
2,950456293E2;3,105468750E1
2,951456293E2;3,109765625E1
2,952456293E2;3,107031250E1
2,953456293E2;3,114843750E1
2,954456293E2;3,111328125E1
2,955456293E2;3,111328125E1
2,956456293E2;3,108203125E1
2,957456293E2;3,114843750E1
2,958456293E2;3,110546875E1
2,959456293E2;3,108203125E1
2,960456293E2;3,105468750E1
2,961456293E2;3,111328125E1
2,962456293E2;3,109765625E1
2,963456293E2;3,110546875E1
2,964456293E2;3,108203125E1
2,965456293E2;3,106250000E1
2,966456293E2;3,108203125E1
2,967456293E2;3,108203125E1
2,968456293E2;3,105078125E1
2,969456293E2;3,105468750E1
2,970456293E2;3,112109375E1
2,971456293E2;3,113671875E1
2,972456293E2;3,114843750E1
2,973456293E2;3,114843750E1
2,974456293E2;3,113671875E1
2,975456293E2;3,110546875E1
2,976456293E2;3,110546875E1
2,977456293E2;3,111328125E1
2,978456293E2;3,110546875E1
2,979456293E2;3,115625000E1
2,980456293E2;3,112890625E1
2,981456293E2;3,108203125E1
2,982456293E2;3,108203125E1
2,983456293E2;3,108984375E1
2,984456293E2;3,112890625E1
2,985456293E2;3,106250000E1
2,986456293E2;3,106250000E1
2,987456293E2;3,105078125E1
2,988456293E2;3,108203125E1
2,989456293E2;3,108984375E1
2,990456293E2;3,104687500E1
2,991456293E2;3,110156250E1
2,992456293E2;3,111328125E1
2,993456293E2;3,107812500E1
2,994456293E2;3,109765625E1
2,995456293E2;3,108203125E1
2,996456293E2;3,106250000E1
2,997456293E2;3,108203125E1
2,998456293E2;3,107031250E1
2,999456293E2;3,106250000E1
3,000456293E2;3,107031250E1
3,001456293E2;3,110546875E1
3,002456293E2;3,109765625E1
3,003456293E2;3,110546875E1
3,004456293E2;3,104296875E1
3,005456293E2;3,109765625E1
3,006456293E2;3,111328125E1
3,007456293E2;3,108984375E1
3,008456293E2;3,108984375E1
3,009456293E2;3,103906250E1
3,010456293E2;3,109765625E1
3,011456293E2;3,105468750E1
3,012456293E2;3,107031250E1
3,013456293E2;3,109765625E1
3,014456293E2;3,106250000E1
3,015456293E2;3,105078125E1
3,016456293E2;3,107812500E1
3,017456293E2;3,108203125E1
3,018456293E2;3,107031250E1
3,019456293E2;3,108203125E1
3,020456293E2;3,108203125E1
3,021456293E2;3,106640625E1
3,022456293E2;3,106250000E1
3,023456293E2;3,106640625E1
3,024456293E2;3,107031250E1
3,025456293E2;3,106250000E1
3,026456293E2;3,108593750E1
3,027456293E2;3,108984375E1
3,028456293E2;3,105468750E1
3,029456293E2;3,106640625E1
3,030456293E2;3,105468750E1
3,031456293E2;3,107812500E1
3,032456293E2;3,109765625E1
3,033456293E2;3,105078125E1
3,034456293E2;3,107031250E1
3,035456293E2;3,109765625E1
3,036456293E2;3,108984375E1
3,037456293E2;3,108203125E1
3,038456293E2;3,110546875E1
3,039456293E2;3,110156250E1
3,040456293E2;3,107031250E1
3,041456293E2;3,107031250E1
3,042456293E2;3,111328125E1
3,043456293E2;3,110937500E1
3,044456293E2;3,109375000E1
3,045456293E2;3,106250000E1
3,046456293E2;3,112109375E1
3,047456293E2;3,111328125E1
3,048456293E2;3,111328125E1
3,049456293E2;3,112890625E1
3,050456293E2;3,110156250E1
3,051456293E2;3,108984375E1
3,052456293E2;3,111328125E1
3,053456293E2;3,107031250E1
3,054456293E2;3,109765625E1
3,055456293E2;3,111328125E1
3,056456293E2;3,108984375E1
3,057456293E2;3,105078125E1
3,058456293E2;3,107031250E1
3,059456293E2;3,105468750E1
3,060456293E2;3,108984375E1
3,061456293E2;3,110546875E1
3,062456293E2;3,110937500E1
3,063456293E2;3,111328125E1
3,064456293E2;3,110546875E1
3,065456293E2;3,112109375E1
3,066456293E2;3,112109375E1
3,067456293E2;3,112109375E1
3,068456293E2;3,105078125E1
3,069456293E2;3,113671875E1
3,070456293E2;3,110546875E1
3,071456293E2;3,108203125E1
3,072456293E2;3,109765625E1
3,073456293E2;3,108984375E1
3,074456293E2;3,108984375E1
3,075456293E2;3,107031250E1
3,076456293E2;3,113671875E1
3,077456293E2;3,107031250E1
3,078456293E2;3,110546875E1
3,079456293E2;3,110156250E1
3,080456293E2;3,111328125E1
3,081456293E2;3,110546875E1
3,082456293E2;3,110546875E1
3,083456293E2;3,108984375E1
3,084456293E2;3,110546875E1
3,085456293E2;3,110546875E1
3,086456293E2;3,112890625E1
3,087456293E2;3,110546875E1
3,088456293E2;3,112890625E1
3,089456293E2;3,111328125E1
3,090456293E2;3,110546875E1
3,091456293E2;3,108203125E1
3,092456293E2;3,106640625E1
3,093456293E2;3,111328125E1
3,094456293E2;3,104296875E1
3,095456293E2;3,114843750E1
3,096456293E2;3,112890625E1
3,097456293E2;3,109765625E1
3,098456293E2;3,112890625E1
3,099456293E2;3,116406250E1
3,100456293E2;3,111328125E1
3,101456293E2;3,111328125E1
3,102456293E2;3,108984375E1
3,103456293E2;3,108203125E1
3,104456293E2;3,113671875E1
3,105456293E2;3,109765625E1
3,106456293E2;3,112890625E1
3,107456293E2;3,105468750E1
3,108456293E2;3,107031250E1
3,109456293E2;3,108984375E1
3,110456293E2;3,110546875E1
3,111456293E2;3,105468750E1
3,112456293E2;3,111328125E1
3,113456293E2;3,112890625E1
3,114456293E2;3,112890625E1
3,115456293E2;3,110546875E1
3,116456293E2;3,112890625E1
3,117456293E2;3,116406250E1
3,118456293E2;3,111328125E1
3,119456293E2;3,112890625E1
3,120456293E2;3,117968750E1
3,121456293E2;3,115234375E1
3,122456293E2;3,119140625E1
3,123456293E2;3,117187500E1
3,124456293E2;3,121484375E1
3,125456293E2;3,119531250E1
3,126456293E2;3,117578125E1
3,127456293E2;3,117968750E1
3,128456293E2;3,119921875E1
3,129456293E2;3,117968750E1
3,130456293E2;3,114453125E1
3,131456293E2;3,115234375E1
3,132456293E2;3,119140625E1
3,133456293E2;3,116406250E1
3,134456293E2;3,116796875E1
3,135456293E2;3,112109375E1
3,136456293E2;3,114843750E1
3,137456293E2;3,123828125E1
3,138456293E2;3,117187500E1
3,139456293E2;3,117968750E1
3,140456293E2;3,119921875E1
3,141456293E2;3,117968750E1
3,142456293E2;3,117578125E1
3,143456293E2;3,111718750E1
3,144456293E2;3,117187500E1
3,145456293E2;3,112890625E1
3,146456293E2;3,118359375E1
3,147456293E2;3,118750000E1
3,148456293E2;3,118359375E1
3,149456293E2;3,114843750E1
3,150456293E2;3,116406250E1
3,151456293E2;3,117187500E1
3,152456293E2;3,115625000E1
3,153456293E2;3,114843750E1
3,154456293E2;3,121093750E1
3,155456293E2;3,116406250E1
3,156456293E2;3,112890625E1
3,157456293E2;3,108984375E1
3,158456293E2;3,111328125E1
3,159456293E2;3,112890625E1
3,160456293E2;3,113671875E1
3,161456293E2;3,115625000E1
3,162456293E2;3,113671875E1
3,163456293E2;3,116406250E1
3,164456293E2;3,116406250E1
3,165456293E2;3,117968750E1
3,166456293E2;3,117578125E1
3,167456293E2;3,115625000E1
3,168456293E2;3,116406250E1
3,169456293E2;3,117187500E1
3,170456293E2;3,115625000E1
3,171456293E2;3,112109375E1
3,172456293E2;3,117187500E1
3,173456293E2;3,118750000E1
3,174456293E2;3,122265625E1
3,175456293E2;3,119531250E1
3,176456293E2;3,117578125E1
3,177456293E2;3,116406250E1
3,178456293E2;3,120312500E1
3,179456293E2;3,121484375E1
3,180456293E2;3,121484375E1
3,181456293E2;3,120312500E1
3,182456293E2;3,126171875E1
3,183456293E2;3,119531250E1
3,184456293E2;3,123828125E1
3,185456293E2;3,120312500E1
3,186456293E2;3,120312500E1
3,187456293E2;3,124609375E1
3,188456293E2;3,123046875E1
3,189456293E2;3,120312500E1
3,190456293E2;3,121484375E1
3,191456293E2;3,118750000E1
3,192456293E2;3,123828125E1
3,193456293E2;3,120312500E1
3,194456293E2;3,123046875E1
3,195456293E2;3,123046875E1
3,196456293E2;3,120312500E1
3,197456293E2;3,124609375E1
3,198456293E2;3,124609375E1
3,199456293E2;3,125390625E1
3,200456293E2;3,123046875E1
3,201456293E2;3,120312500E1
3,202456293E2;3,125390625E1
3,203456293E2;3,123828125E1
3,204456293E2;3,126171875E1
3,205456293E2;3,119531250E1
3,206456293E2;3,122265625E1
3,207456293E2;3,124609375E1
3,208456293E2;3,128906250E1
3,209456293E2;3,122265625E1
3,210456293E2;3,123828125E1
3,211456293E2;3,125390625E1
3,212456293E2;3,123828125E1
3,213456293E2;3,123828125E1
3,214456293E2;3,125390625E1
3,215456293E2;3,124609375E1
3,216456293E2;3,123046875E1
3,217456293E2;3,122265625E1
3,218456293E2;3,124609375E1
3,219456293E2;3,121484375E1
3,220456293E2;3,128125000E1
3,221456293E2;3,121484375E1
3,222456293E2;3,125390625E1
3,223456293E2;3,126171875E1
3,224456293E2;3,125390625E1
3,225456293E2;3,128125000E1
3,226456293E2;3,124609375E1
3,227456293E2;3,123046875E1
3,228456293E2;3,124609375E1
3,229456293E2;3,124609375E1
3,230456293E2;3,123828125E1
3,231456293E2;3,125390625E1
3,232456293E2;3,123828125E1
3,233456293E2;3,125390625E1
3,234456293E2;3,124609375E1
3,235456293E2;3,123046875E1
3,236456293E2;3,128906250E1
3,237456293E2;3,126171875E1
3,238456293E2;3,125390625E1
3,239456293E2;3,126171875E1
3,240456293E2;3,125390625E1
3,241456293E2;3,128125000E1
3,242456293E2;3,126953125E1
3,243456293E2;3,125390625E1
3,244456293E2;3,128125000E1
3,245456293E2;3,125390625E1
3,246456293E2;3,122265625E1
3,247456293E2;3,126953125E1
3,248456293E2;3,123046875E1
3,249456293E2;3,123828125E1
3,250456293E2;3,126953125E1
3,251456293E2;3,126171875E1
3,252456293E2;3,123046875E1
3,253456293E2;3,131250000E1
3,254456293E2;3,125390625E1
3,255456293E2;3,126171875E1
3,256456293E2;3,125390625E1
3,257456293E2;3,125390625E1
3,258456293E2;3,125390625E1
3,259456293E2;3,126171875E1
3,260456293E2;3,124609375E1
3,261456293E2;3,126171875E1
3,262456293E2;3,128906250E1
3,263456293E2;3,128125000E1
3,264456293E2;3,123828125E1
3,265456293E2;3,129296875E1
3,266456293E2;3,125390625E1
3,267456293E2;3,131640625E1
3,268456293E2;3,130468750E1
3,269456293E2;3,126171875E1
3,270456293E2;3,128906250E1
3,271456293E2;3,128906250E1
3,272456293E2;3,130468750E1
3,273456293E2;3,131640625E1
3,274456293E2;3,132421875E1
3,275456293E2;3,126953125E1
3,276456293E2;3,130468750E1
3,277456293E2;3,130078125E1
3,278456293E2;3,132031250E1
3,279456293E2;3,128906250E1
3,280456293E2;3,131250000E1
3,281456293E2;3,133593750E1
3,282456293E2;3,131640625E1
3,283456293E2;3,136328125E1
3,284456293E2;3,132031250E1
3,285456293E2;3,130859375E1
3,286456293E2;3,135156250E1
3,287456293E2;3,132812500E1
3,288456293E2;3,130859375E1
3,289456293E2;3,134765625E1
3,290456293E2;3,134765625E1
3,291456293E2;3,137109375E1
3,292456293E2;3,132812500E1
3,293456293E2;3,135546875E1
3,294456293E2;3,132812500E1
3,295456293E2;3,137890625E1
3,296456293E2;3,136328125E1
3,297456293E2;3,135546875E1
3,298456293E2;3,137890625E1
3,299456293E2;3,132812500E1
3,300456293E2;3,136328125E1
3,301456293E2;3,136328125E1
3,302456293E2;3,139453125E1
3,303456293E2;3,139453125E1
3,304456293E2;3,141406250E1
3,305456293E2;3,139453125E1
3,306456293E2;3,144921875E1
3,307456293E2;3,140234375E1
3,308456293E2;3,140234375E1
3,309456293E2;3,137890625E1
3,310456293E2;3,140234375E1
3,311456293E2;3,141796875E1
3,312456293E2;3,139453125E1
3,313456293E2;3,141796875E1
3,314456293E2;3,140234375E1
3,315456293E2;3,141406250E1
3,316456293E2;3,144140625E1
3,317456293E2;3,143359375E1
3,318456293E2;3,142187500E1
3,319456293E2;3,139453125E1
3,320456293E2;3,142968750E1
3,321456293E2;3,148437500E1
3,322456293E2;3,146484375E1
3,323456293E2;3,146484375E1
3,324456293E2;3,145312500E1
3,325456293E2;3,141406250E1
3,326456293E2;3,144531250E1
3,327456293E2;3,146484375E1
3,328456293E2;3,144140625E1
3,329456293E2;3,146093750E1
3,330456293E2;3,142578125E1
3,331456293E2;3,147656250E1
3,332456293E2;3,148828125E1
3,333456293E2;3,143359375E1
3,334456293E2;3,151171875E1
3,335456293E2;3,146093750E1
3,336456293E2;3,143750000E1
3,337456293E2;3,148046875E1
3,338456293E2;3,143359375E1
3,339456293E2;3,142578125E1
3,340456293E2;3,146093750E1
3,341456293E2;3,146093750E1
3,342456293E2;3,144531250E1
3,343456293E2;3,152734375E1
3,344456293E2;3,144531250E1
3,345456293E2;3,145312500E1
3,346456293E2;3,146875000E1
3,347456293E2;3,150390625E1
3,348456293E2;3,150390625E1
3,349456293E2;3,148437500E1
3,350456293E2;3,151171875E1
3,351456293E2;3,151171875E1
3,352456293E2;3,149609375E1
3,353456293E2;3,151953125E1
3,354456293E2;3,153515625E1
3,355456293E2;3,153515625E1
3,356456293E2;3,154687500E1
3,357456293E2;3,148828125E1
3,358456293E2;3,156250000E1
3,359456293E2;3,156250000E1
3,360456293E2;3,156250000E1
3,361456293E2;3,153515625E1
3,362456293E2;3,157031250E1
3,363456293E2;3,154687500E1
3,364456293E2;3,157031250E1
3,365456293E2;3,158203125E1
3,366456293E2;3,154687500E1
3,367456293E2;3,158984375E1
3,368456293E2;3,161328125E1
3,369456293E2;3,159375000E1
3,370456293E2;3,157812500E1
3,371456293E2;3,159375000E1
3,372456293E2;3,157812500E1
3,373456293E2;3,162890625E1
3,374456293E2;3,156640625E1
3,375456293E2;3,161328125E1
3,376456293E2;3,160156250E1
3,377456293E2;3,159375000E1
3,378456293E2;3,164453125E1
3,379456293E2;3,162109375E1
3,380456293E2;3,160156250E1
3,381456293E2;3,164453125E1
3,382456293E2;3,163671875E1
3,383456293E2;3,163671875E1
3,384456293E2;3,162890625E1
3,385456293E2;3,164453125E1
3,386456293E2;3,167968750E1
3,387456293E2;3,167968750E1
3,388456293E2;3,167968750E1
3,389456293E2;3,165234375E1
3,390456293E2;3,168750000E1
3,391456293E2;3,168750000E1
3,392456293E2;3,169921875E1
3,393456293E2;3,169531250E1
3,394456293E2;3,175390625E1
3,395456293E2;3,169921875E1
3,396456293E2;3,171093750E1
3,397456293E2;3,175390625E1
3,398456293E2;3,172656250E1
3,399456293E2;3,176171875E1
3,400456293E2;3,175390625E1
3,401456293E2;3,170312500E1
3,402456293E2;3,176953125E1
3,403456293E2;3,174609375E1
3,404456293E2;3,179296875E1
3,405456293E2;3,176171875E1
3,406456293E2;3,176953125E1
3,407456293E2;3,175390625E1
3,408456293E2;3,178515625E1
3,409456293E2;3,179296875E1
3,410456293E2;3,176171875E1
3,411456293E2;3,177734375E1
3,412456293E2;3,175390625E1
3,413456293E2;3,177734375E1
3,414456293E2;3,179296875E1
3,415456293E2;3,182031250E1
3,416456293E2;3,183203125E1
3,417456293E2;3,179296875E1
3,418456293E2;3,183203125E1
3,419456293E2;3,182812500E1
3,420456293E2;3,179296875E1
3,421456293E2;3,178515625E1
3,422456293E2;3,180078125E1
3,423456293E2;3,181250000E1
3,424456293E2;3,183984375E1
3,425456293E2;3,182812500E1
3,426456293E2;3,182031250E1
3,427456293E2;3,182812500E1
3,428456293E2;3,182812500E1
3,429456293E2;3,182812500E1
3,430456293E2;3,180859375E1
3,431456293E2;3,180078125E1
3,432456293E2;3,185156250E1
3,433456293E2;3,184375000E1
3,434456293E2;3,184375000E1
3,435456293E2;3,183203125E1
3,436456293E2;3,178906250E1
3,437456293E2;3,182421875E1
3,438456293E2;3,184375000E1
3,439456293E2;3,187890625E1
3,440456293E2;3,183203125E1
3,441456293E2;3,185156250E1
3,442456293E2;3,185156250E1
3,443456293E2;3,185156250E1
3,444456293E2;3,185156250E1
3,445456293E2;3,185937500E1
3,446456293E2;3,183593750E1
3,447456293E2;3,185937500E1
3,448456293E2;3,185937500E1
3,449456293E2;3,184375000E1
3,450456293E2;3,189453125E1
3,451456293E2;3,184375000E1
3,452456293E2;3,185156250E1
3,453456293E2;3,188671875E1
3,454456293E2;3,186718750E1
3,455456293E2;3,184375000E1
3,456456293E2;3,187890625E1
3,457456293E2;3,187890625E1
3,458456293E2;3,186718750E1
3,459456293E2;3,185156250E1
3,460456293E2;3,189453125E1
3,461456293E2;3,185937500E1
3,462456293E2;3,186718750E1
3,463456293E2;3,190234375E1
3,464456293E2;3,186718750E1
3,465456293E2;3,189453125E1
3,466456293E2;3,185937500E1
3,467456293E2;3,187890625E1
3,468456293E2;3,192578125E1
3,469456293E2;3,189453125E1
3,470456293E2;3,192578125E1
3,471456293E2;3,190234375E1
3,472456293E2;3,190234375E1
3,473456293E2;3,192578125E1
3,474456293E2;3,191015625E1
3,475456293E2;3,189453125E1
3,476456293E2;3,190234375E1
3,477456293E2;3,184375000E1
3,478456293E2;3,185937500E1
3,479456293E2;3,186718750E1
3,480456293E2;3,184375000E1
3,481456293E2;3,186718750E1
3,482456293E2;3,191796875E1
3,483456293E2;3,190234375E1
3,484456293E2;3,185937500E1
3,485456293E2;3,190234375E1
3,486456293E2;3,181640625E1
3,487456293E2;3,192578125E1
3,488456293E2;3,186718750E1
3,489456293E2;3,189453125E1
3,490456293E2;3,188671875E1
3,491456293E2;3,187890625E1
3,492456293E2;3,187890625E1
3,493456293E2;3,191796875E1
3,494456293E2;3,189453125E1
3,495456293E2;3,185937500E1
3,496456293E2;3,190234375E1
3,497456293E2;3,190234375E1
3,498456293E2;3,185156250E1
3,499456293E2;3,185937500E1
3,500456293E2;3,183593750E1
3,501456293E2;3,187890625E1
3,502456293E2;3,185937500E1
3,503456293E2;3,189453125E1
3,504456293E2;3,195703125E1
3,505456293E2;3,189453125E1
3,506456293E2;3,188671875E1
3,507456293E2;3,191015625E1
3,508456293E2;3,185937500E1
3,509456293E2;3,191015625E1
3,510456293E2;3,189453125E1
3,511456293E2;3,187890625E1
3,512456293E2;3,191015625E1
3,513456293E2;3,188671875E1
3,514456293E2;3,188671875E1
3,515456293E2;3,189453125E1
3,516456293E2;3,189453125E1
3,517456293E2;3,191796875E1
3,518456293E2;3,185937500E1
3,519456293E2;3,185937500E1
3,520456293E2;3,191015625E1
3,521456293E2;3,190234375E1
3,522456293E2;3,185156250E1
3,523456293E2;3,189453125E1
3,524456293E2;3,188671875E1
3,525456293E2;3,186718750E1
3,526456293E2;3,189453125E1
3,527456293E2;3,191796875E1
3,528456293E2;3,186718750E1
3,529456293E2;3,188671875E1
3,530456293E2;3,187890625E1
3,531456293E2;3,191796875E1
3,532456293E2;3,187890625E1
3,533456293E2;3,185937500E1
3,534456293E2;3,186718750E1
3,535456293E2;3,191015625E1
3,536456293E2;3,191796875E1
3,537456293E2;3,185937500E1
3,538456293E2;3,185156250E1
3,539456293E2;3,185156250E1
3,540456293E2;3,183593750E1
3,541456293E2;3,189453125E1
3,542456293E2;3,186718750E1
3,543456293E2;3,183593750E1
3,544456293E2;3,187890625E1
3,545456293E2;3,184375000E1
3,546456293E2;3,185937500E1
3,547456293E2;3,188671875E1
3,548456293E2;3,182812500E1
3,549456293E2;3,185937500E1
3,550456293E2;3,185937500E1
3,551456293E2;3,185156250E1
3,552456293E2;3,182812500E1
3,553456293E2;3,187890625E1
3,554456293E2;3,187890625E1
3,555456293E2;3,183203125E1
3,556456293E2;3,185156250E1
3,557456293E2;3,185156250E1
3,558456293E2;3,186718750E1
3,559456293E2;3,184375000E1
3,560456293E2;3,185156250E1
3,561456293E2;3,184375000E1
3,562456293E2;3,183593750E1
3,563456293E2;3,182812500E1
3,564456293E2;3,184375000E1
3,565456293E2;3,188671875E1
3,566456293E2;3,184375000E1
3,567456293E2;3,182812500E1
3,568456293E2;3,186718750E1
3,569456293E2;3,185156250E1
3,570456293E2;3,184375000E1
3,571456293E2;3,185156250E1
3,572456293E2;3,187890625E1
3,573456293E2;3,185156250E1
3,574456293E2;3,184375000E1
3,575456293E2;3,182812500E1
3,576456293E2;3,189453125E1
3,577456293E2;3,188671875E1
3,578456293E2;3,185546875E1
3,579456293E2;3,183593750E1
3,580456293E2;3,185156250E1
3,581456293E2;3,181640625E1
3,582456293E2;3,183593750E1
3,583456293E2;3,182812500E1
3,584456293E2;3,183593750E1
3,585456293E2;3,183203125E1
3,586456293E2;3,185156250E1
3,587456293E2;3,187890625E1
3,588456293E2;3,183593750E1
3,589456293E2;3,185156250E1
3,590456293E2;3,187890625E1
3,591456293E2;3,182812500E1
3,592456293E2;3,182812500E1
3,593456293E2;3,183203125E1
3,594456293E2;3,182812500E1
3,595456293E2;3,184375000E1
3,596456293E2;3,187890625E1
3,597456293E2;3,187890625E1
3,598456293E2;3,185156250E1
3,599456293E2;3,184375000E1
3,600456293E2;3,183984375E1
3,601456293E2;3,184375000E1
3,602456293E2;3,180859375E1
3,603456293E2;3,182812500E1
3,604456293E2;3,185156250E1
3,605456293E2;3,181640625E1
3,606456293E2;3,179687500E1
3,607456293E2;3,182812500E1
3,608456293E2;3,179296875E1
3,609456293E2;3,180078125E1
3,610456293E2;3,182031250E1
3,611456293E2;3,179296875E1
3,612456293E2;3,180078125E1
3,613456293E2;3,178515625E1
3,614456293E2;3,179296875E1
3,615456293E2;3,182812500E1
3,616456293E2;3,183984375E1
3,617456293E2;3,182031250E1
3,618456293E2;3,179296875E1
3,619456293E2;3,181250000E1
3,620456293E2;3,176171875E1
3,621456293E2;3,181250000E1
3,622456293E2;3,182031250E1
3,623456293E2;3,177734375E1
3,624456293E2;3,180078125E1
3,625456293E2;3,176171875E1
3,626456293E2;3,179296875E1
3,627456293E2;3,178515625E1
3,628456293E2;3,177734375E1
3,629456293E2;3,176171875E1
3,630456293E2;3,178515625E1
3,631456293E2;3,178515625E1
3,632456293E2;3,178515625E1
3,633456293E2;3,175390625E1
3,634456293E2;3,176953125E1
3,635456293E2;3,181250000E1
3,636456293E2;3,178515625E1
3,637456293E2;3,178515625E1
3,638456293E2;3,176171875E1
3,639456293E2;3,176171875E1
3,640456293E2;3,177734375E1
3,641456293E2;3,180078125E1
3,642456293E2;3,177734375E1
3,643456293E2;3,179296875E1
3,644456293E2;3,174609375E1
3,645456293E2;3,177734375E1
3,646456293E2;3,172656250E1
3,647456293E2;3,178515625E1
3,648456293E2;3,177734375E1
3,649456293E2;3,171875000E1
3,650456293E2;3,177734375E1
3,651456293E2;3,178515625E1
3,652456293E2;3,176171875E1
3,653456293E2;3,173437500E1
3,654456293E2;3,175390625E1
3,655456293E2;3,171875000E1
3,656456293E2;3,173437500E1
3,657456293E2;3,173437500E1
3,658456293E2;3,172656250E1
3,659456293E2;3,171875000E1
3,660456293E2;3,171875000E1
3,661456293E2;3,171875000E1
3,662456293E2;3,171093750E1
3,663456293E2;3,174609375E1
3,664456293E2;3,169921875E1
3,665456293E2;3,174609375E1
3,666456293E2;3,175390625E1
3,667456293E2;3,172656250E1
3,668456293E2;3,171093750E1
3,669456293E2;3,173437500E1
3,670456293E2;3,168359375E1
3,671456293E2;3,170703125E1
3,672456293E2;3,167578125E1
3,673456293E2;3,169531250E1
3,674456293E2;3,173437500E1
3,675456293E2;3,169531250E1
3,676456293E2;3,169140625E1
3,677456293E2;3,169140625E1
3,678456293E2;3,166015625E1
3,679456293E2;3,169140625E1
3,680456293E2;3,162890625E1
3,681456293E2;3,169921875E1
3,682456293E2;3,163671875E1
3,683456293E2;3,167968750E1
3,684456293E2;3,167968750E1
3,685456293E2;3,167968750E1
3,686456293E2;3,166406250E1
3,687456293E2;3,169921875E1
3,688456293E2;3,163671875E1
3,689456293E2;3,166796875E1
3,690456293E2;3,162109375E1
3,691456293E2;3,172265625E1
3,692456293E2;3,168750000E1
3,693456293E2;3,167968750E1
3,694456293E2;3,166796875E1
3,695456293E2;3,166015625E1
3,696456293E2;3,164453125E1
3,697456293E2;3,169531250E1
3,698456293E2;3,163671875E1
3,699456293E2;3,167968750E1
3,700456293E2;3,162109375E1
3,701456293E2;3,162109375E1
3,702456293E2;3,166796875E1
3,703456293E2;3,167968750E1
3,704456293E2;3,162109375E1
3,705456293E2;3,164453125E1
3,706456293E2;3,164453125E1
3,707456293E2;3,162890625E1
3,708456293E2;3,162109375E1
3,709456293E2;3,162890625E1
3,710456293E2;3,162109375E1
3,711456293E2;3,163671875E1
3,712456293E2;3,162109375E1
3,713456293E2;3,163671875E1
3,714456293E2;3,162890625E1
3,715456293E2;3,162109375E1
3,716456293E2;3,162109375E1
3,717456293E2;3,162109375E1
3,718456293E2;3,160156250E1
3,719456293E2;3,163671875E1
3,720456293E2;3,158593750E1
3,721456293E2;3,159375000E1
3,722456293E2;3,160156250E1
3,723456293E2;3,159375000E1
3,724456293E2;3,157812500E1
3,725456293E2;3,156640625E1
3,726456293E2;3,158593750E1
3,727456293E2;3,157812500E1
3,728456293E2;3,159375000E1
3,729456293E2;3,164453125E1
3,730456293E2;3,160156250E1
3,731456293E2;3,159375000E1
3,732456293E2;3,162109375E1
3,733456293E2;3,160156250E1
3,734456293E2;3,158593750E1
3,735456293E2;3,155078125E1
3,736456293E2;3,157031250E1
3,737456293E2;3,158984375E1
3,738456293E2;3,156250000E1
3,739456293E2;3,157031250E1
3,740456293E2;3,157421875E1
3,741456293E2;3,157812500E1
3,742456293E2;3,155078125E1
3,743456293E2;3,157031250E1
3,744456293E2;3,159375000E1
3,745456293E2;3,155468750E1
3,746456293E2;3,156250000E1
3,747456293E2;3,156640625E1
3,748456293E2;3,158203125E1
3,749456293E2;3,155859375E1
3,750456293E2;3,157812500E1
3,751456293E2;3,155859375E1
3,752456293E2;3,159375000E1
3,753456293E2;3,159375000E1
3,754456293E2;3,154296875E1
3,755456293E2;3,157812500E1
3,756456293E2;3,157421875E1
3,757456293E2;3,155859375E1
3,758456293E2;3,158984375E1
3,759456293E2;3,160937500E1
3,760456293E2;3,155468750E1
3,761456293E2;3,155468750E1
3,762456293E2;3,151562500E1
3,763456293E2;3,157812500E1
3,764456293E2;3,157421875E1
3,765456293E2;3,158203125E1
3,766456293E2;3,156250000E1
3,767456293E2;3,157031250E1
3,768456293E2;3,155468750E1
3,769456293E2;3,152734375E1
3,770456293E2;3,151171875E1
3,771456293E2;3,152343750E1
3,772456293E2;3,157031250E1
3,773456293E2;3,156250000E1
3,774456293E2;3,157421875E1
3,775456293E2;3,154687500E1
3,776456293E2;3,153515625E1
3,777456293E2;3,157812500E1
3,778456293E2;3,156250000E1
3,779456293E2;3,157031250E1
3,780456293E2;3,155468750E1
3,781456293E2;3,153515625E1
3,782456293E2;3,157031250E1
3,783456293E2;3,154687500E1
3,784456293E2;3,156250000E1
3,785456293E2;3,155468750E1
3,786456293E2;3,152734375E1
3,787456293E2;3,151953125E1
3,788456293E2;3,157031250E1
3,789456293E2;3,154687500E1
3,790456293E2;3,158203125E1
3,791456293E2;3,154687500E1
3,792456293E2;3,154687500E1
3,793456293E2;3,158203125E1
3,794456293E2;3,152734375E1
3,795456293E2;3,154687500E1
3,796456293E2;3,154687500E1
3,797456293E2;3,157031250E1
3,798456293E2;3,157421875E1
3,799456293E2;3,153515625E1
3,800456293E2;3,156250000E1
3,801456293E2;3,157031250E1
3,802456293E2;3,157031250E1
3,803456293E2;3,153515625E1
3,804456293E2;3,154687500E1
3,805456293E2;3,154296875E1
3,806456293E2;3,155468750E1
3,807456293E2;3,153515625E1
3,808456293E2;3,156250000E1
3,809456293E2;3,155468750E1
3,810456293E2;3,153515625E1
3,811456293E2;3,157031250E1
3,812456293E2;3,154687500E1
3,813456293E2;3,152734375E1
3,814456293E2;3,157031250E1
3,815456293E2;3,155468750E1
3,816456293E2;3,157031250E1
3,817456293E2;3,156250000E1
3,818456293E2;3,155468750E1
3,819456293E2;3,154687500E1
3,820456293E2;3,154687500E1
3,821456293E2;3,152343750E1
3,822456293E2;3,156250000E1
3,823456293E2;3,157031250E1
3,824456293E2;3,158203125E1
3,825456293E2;3,155468750E1
3,826456293E2;3,155468750E1
3,827456293E2;3,152734375E1
3,828456293E2;3,154687500E1
3,829456293E2;3,155468750E1
3,830456293E2;3,155468750E1
3,831456293E2;3,156250000E1
3,832456293E2;3,156250000E1
3,833456293E2;3,151953125E1
3,834456293E2;3,157421875E1
3,835456293E2;3,153515625E1
3,836456293E2;3,154687500E1
3,837456293E2;3,154296875E1
3,838456293E2;3,155468750E1
3,839456293E2;3,153515625E1
3,840456293E2;3,155859375E1
3,841456293E2;3,155078125E1
3,842456293E2;3,153515625E1
3,843456293E2;3,154687500E1
3,844456293E2;3,152734375E1
3,845456293E2;3,151953125E1
3,846456293E2;3,156250000E1
3,847456293E2;3,154687500E1
3,848456293E2;3,153515625E1
3,849456293E2;3,151171875E1
3,850456293E2;3,156250000E1
3,851456293E2;3,154687500E1
3,852456293E2;3,156250000E1
3,853456293E2;3,151953125E1
3,854456293E2;3,153515625E1
3,855456293E2;3,153515625E1
3,856456293E2;3,151171875E1
3,857456293E2;3,153515625E1
3,858456293E2;3,157031250E1
3,859456293E2;3,155468750E1
3,860456293E2;3,154687500E1
3,861456293E2;3,154687500E1
3,862456293E2;3,151171875E1
3,863456293E2;3,156250000E1
3,864456293E2;3,152734375E1
3,865456293E2;3,154687500E1
3,866456293E2;3,151171875E1
3,867456293E2;3,151171875E1
3,868456293E2;3,151171875E1
3,869456293E2;3,156250000E1
3,870456293E2;3,151953125E1
3,871456293E2;3,151171875E1
3,872456293E2;3,152734375E1
3,873456293E2;3,151953125E1
3,874456293E2;3,151953125E1
3,875456293E2;3,155468750E1
3,876456293E2;3,149609375E1
3,877456293E2;3,155468750E1
3,878456293E2;3,152734375E1
3,879456293E2;3,153515625E1
3,880456293E2;3,155468750E1
3,881456293E2;3,151953125E1
3,882456293E2;3,153515625E1
3,883456293E2;3,151953125E1
3,884456293E2;3,153515625E1
3,885456293E2;3,151171875E1
3,886456293E2;3,151953125E1
3,887456293E2;3,155468750E1
3,888456293E2;3,151171875E1
3,889456293E2;3,152734375E1
3,890456293E2;3,154687500E1
3,891456293E2;3,153515625E1
3,892456293E2;3,155468750E1
3,893456293E2;3,153515625E1
3,894456293E2;3,154687500E1
3,895456293E2;3,153515625E1
3,896456293E2;3,151953125E1
3,897456293E2;3,150390625E1
3,898456293E2;3,152734375E1
3,899456293E2;3,149218750E1
3,900456293E2;3,152734375E1
3,901456293E2;3,153515625E1
3,902456293E2;3,154687500E1
3,903456293E2;3,151171875E1
3,904456293E2;3,152734375E1
3,905456293E2;3,157031250E1
3,906456293E2;3,154687500E1
3,907456293E2;3,154687500E1
3,908456293E2;3,154687500E1
3,909456293E2;3,152734375E1
3,910456293E2;3,152734375E1
3,911456293E2;3,153515625E1
3,912456293E2;3,155468750E1
3,913456293E2;3,154687500E1
3,914456293E2;3,153515625E1
3,915456293E2;3,155859375E1
3,916456293E2;3,155468750E1
3,917456293E2;3,155468750E1
3,918456293E2;3,156250000E1
3,919456293E2;3,154687500E1
3,920456293E2;3,158203125E1
3,921456293E2;3,155468750E1
3,922456293E2;3,154687500E1
3,923456293E2;3,152734375E1
3,924456293E2;3,156250000E1
3,925456293E2;3,158203125E1
3,926456293E2;3,157421875E1
3,927456293E2;3,155468750E1
3,928456293E2;3,156250000E1
3,929456293E2;3,154687500E1
3,930456293E2;3,153515625E1
3,931456293E2;3,153515625E1
3,932456293E2;3,156250000E1
3,933456293E2;3,158593750E1
3,934456293E2;3,159765625E1
3,935456293E2;3,157031250E1
3,936456293E2;3,158203125E1
3,937456293E2;3,158593750E1
3,938456293E2;3,152343750E1
3,939456293E2;3,159765625E1
3,940456293E2;3,154687500E1
3,941456293E2;3,156250000E1
3,942456293E2;3,153515625E1
3,943456293E2;3,155468750E1
3,944456293E2;3,155078125E1
3,945456293E2;3,158984375E1
3,946456293E2;3,156640625E1
3,947456293E2;3,157031250E1
3,948456293E2;3,160156250E1
3,949456293E2;3,158984375E1
3,950456293E2;3,156640625E1
3,951456293E2;3,156640625E1
3,952456293E2;3,157421875E1
3,953456293E2;3,158593750E1
3,954456293E2;3,154687500E1
3,955456293E2;3,156250000E1
3,956456293E2;3,158593750E1
3,957456293E2;3,156250000E1
3,958456293E2;3,156250000E1
3,959456293E2;3,156250000E1
3,960456293E2;3,157421875E1
3,961456293E2;3,160937500E1
3,962456293E2;3,152734375E1
3,963456293E2;3,158203125E1
3,964456293E2;3,159375000E1
3,965456293E2;3,159375000E1
3,966456293E2;3,156640625E1
3,967456293E2;3,161718750E1
3,968456293E2;3,157812500E1
3,969456293E2;3,158984375E1
3,970456293E2;3,157421875E1
3,971456293E2;3,154687500E1
3,972456293E2;3,153125000E1
3,973456293E2;3,160156250E1
3,974456293E2;3,155468750E1
3,975456293E2;3,156250000E1
3,976456293E2;3,156250000E1
3,977456293E2;3,152734375E1
3,978456293E2;3,155859375E1
3,979456293E2;3,161328125E1
3,980456293E2;3,159375000E1
3,981456293E2;3,156640625E1
3,982456293E2;3,157812500E1
3,983456293E2;3,155468750E1
3,984456293E2;3,156640625E1
3,985456293E2;3,157421875E1
3,986456293E2;3,154687500E1
3,987456293E2;3,157812500E1
3,988456293E2;3,155078125E1
3,989456293E2;3,159765625E1
3,990456293E2;3,158593750E1
3,991456293E2;3,156250000E1
3,992456293E2;3,158593750E1
3,993456293E2;3,157031250E1
3,994456293E2;3,159765625E1
3,995456293E2;3,154296875E1
3,996456293E2;3,158984375E1
3,997456293E2;3,157031250E1
3,998456293E2;3,159375000E1
3,999456293E2;3,158593750E1
4,000456293E2;3,161328125E1
4,001456293E2;3,163671875E1
4,002456293E2;3,161328125E1
4,003456293E2;3,160156250E1
4,004456293E2;3,160156250E1
4,005456293E2;3,161328125E1
4,006456293E2;3,158593750E1
4,007456293E2;3,159375000E1
4,008456293E2;3,159375000E1
4,009456293E2;3,155078125E1
4,010456293E2;3,162109375E1
4,011456293E2;3,162109375E1
4,012456293E2;3,163671875E1
4,013456293E2;3,162890625E1
4,014456293E2;3,159375000E1
4,015456293E2;3,162890625E1
4,016456293E2;3,156640625E1
4,017456293E2;3,158593750E1
4,018456293E2;3,162109375E1
4,019456293E2;3,158593750E1
4,020456293E2;3,161328125E1
4,021456293E2;3,162109375E1
4,022456293E2;3,160156250E1
4,023456293E2;3,159375000E1
4,024456293E2;3,155859375E1
4,025456293E2;3,160156250E1
4,026456293E2;3,160156250E1
4,027456293E2;3,158593750E1
4,028456293E2;3,158593750E1
4,029456293E2;3,157031250E1
4,030456293E2;3,160156250E1
4,031456293E2;3,159375000E1
4,032456293E2;3,159375000E1
4,033456293E2;3,158593750E1
4,034456293E2;3,161328125E1
4,035456293E2;3,156640625E1
4,036456293E2;3,160156250E1
4,037456293E2;3,158593750E1
4,038456293E2;3,162109375E1
4,039456293E2;3,160156250E1
4,040456293E2;3,159375000E1
4,041456293E2;3,159375000E1
4,042456293E2;3,157031250E1
4,043456293E2;3,160156250E1
4,044456293E2;3,162890625E1
4,045456293E2;3,157812500E1
4,046456293E2;3,163671875E1
4,047456293E2;3,155468750E1
4,048456293E2;3,155078125E1
4,049456293E2;3,159375000E1
4,050456293E2;3,157421875E1
4,051456293E2;3,155859375E1
4,052456293E2;3,158593750E1
4,053456293E2;3,160156250E1
4,054456293E2;3,160156250E1
4,055456293E2;3,159375000E1
4,056456293E2;3,158593750E1
4,057456293E2;3,158593750E1
4,058456293E2;3,159765625E1
4,059456293E2;3,159375000E1
4,060456293E2;3,161328125E1
4,061456293E2;3,157812500E1
4,062456293E2;3,160156250E1
4,063456293E2;3,160156250E1
4,064456293E2;3,160156250E1
4,065456293E2;3,162109375E1
4,066456293E2;3,157031250E1
4,067456293E2;3,160156250E1
4,068456293E2;3,160156250E1
4,069456293E2;3,158593750E1
4,070456293E2;3,156640625E1
4,071456293E2;3,157031250E1
4,072456293E2;3,156640625E1
4,073456293E2;3,161328125E1
4,074456293E2;3,157031250E1
4,075456293E2;3,161328125E1
4,076456293E2;3,157812500E1
4,077456293E2;3,157421875E1
4,078456293E2;3,156640625E1
4,079456293E2;3,158593750E1
4,080456293E2;3,159375000E1
4,081456293E2;3,156640625E1
4,082456293E2;3,158593750E1
4,083456293E2;3,159375000E1
4,084456293E2;3,158593750E1
4,085456293E2;3,156640625E1
4,086456293E2;3,159375000E1
4,087456293E2;3,157031250E1
4,088456293E2;3,163671875E1
4,089456293E2;3,157812500E1
4,090456293E2;3,163671875E1
4,091456293E2;3,156250000E1
4,092456293E2;3,158593750E1
4,093456293E2;3,157812500E1
4,094456293E2;3,157031250E1
4,095456293E2;3,163671875E1
4,096456293E2;3,158203125E1
4,097456293E2;3,162109375E1
4,098456293E2;3,156640625E1
4,099456293E2;3,157421875E1
4,100456293E2;3,156640625E1
4,101456293E2;3,159375000E1
4,102456293E2;3,160156250E1
4,103456293E2;3,164453125E1
4,104456293E2;3,161328125E1
4,105456293E2;3,161328125E1
4,106456293E2;3,157812500E1
4,107456293E2;3,157031250E1
4,108456293E2;3,157031250E1
4,109456293E2;3,158593750E1
4,110456293E2;3,159375000E1
4,111456293E2;3,160156250E1
4,112456293E2;3,162109375E1
4,113456293E2;3,160156250E1
4,114456293E2;3,158593750E1
4,115456293E2;3,160156250E1
4,116456293E2;3,159375000E1
4,117456293E2;3,158593750E1
4,118456293E2;3,158593750E1
4,119456293E2;3,160156250E1
4,120456293E2;3,162890625E1
4,121456293E2;3,161328125E1
4,122456293E2;3,162109375E1
4,123456293E2;3,157031250E1
4,124456293E2;3,158593750E1
4,125456293E2;3,155859375E1
4,126456293E2;3,158203125E1
4,127456293E2;3,160156250E1
4,128456293E2;3,162109375E1
4,129456293E2;3,159375000E1
4,130456293E2;3,162109375E1
4,131456293E2;3,162890625E1
4,132456293E2;3,157812500E1
4,133456293E2;3,157812500E1
4,134456293E2;3,161328125E1
4,135456293E2;3,161328125E1
4,136456293E2;3,161328125E1
4,137456293E2;3,163671875E1
4,138456293E2;3,162890625E1
4,139456293E2;3,162890625E1
4,140456293E2;3,162890625E1
4,141456293E2;3,162109375E1
4,142456293E2;3,160156250E1
4,143456293E2;3,160156250E1
4,144456293E2;3,159375000E1
4,145456293E2;3,161328125E1
4,146456293E2;3,160156250E1
4,147456293E2;3,161328125E1
4,148456293E2;3,161328125E1
4,149456293E2;3,163671875E1
4,150456293E2;3,162890625E1
4,151456293E2;3,157812500E1
4,152456293E2;3,160156250E1
4,153456293E2;3,160156250E1
4,154456293E2;3,161328125E1
4,155456293E2;3,162109375E1
4,156456293E2;3,157031250E1
4,157456293E2;3,161328125E1
4,158456293E2;3,163671875E1
4,159456293E2;3,159375000E1
4,160456293E2;3,156640625E1
4,161456293E2;3,162890625E1
4,162456293E2;3,161328125E1
4,163456293E2;3,162890625E1
4,164456293E2;3,158593750E1
4,165456293E2;3,160156250E1
4,166456293E2;3,158593750E1
4,167456293E2;3,162890625E1
4,168456293E2;3,160156250E1
4,169456293E2;3,157812500E1
4,170456293E2;3,158593750E1
4,171456293E2;3,158593750E1
4,172456293E2;3,162109375E1
4,173456293E2;3,162890625E1
4,174456293E2;3,161328125E1
4,175456293E2;3,155859375E1
4,176456293E2;3,158593750E1
4,177456293E2;3,160156250E1
4,178456293E2;3,159375000E1
4,179456293E2;3,158593750E1
4,180456293E2;3,161328125E1
4,181456293E2;3,160156250E1
4,182456293E2;3,162109375E1
4,183456293E2;3,161328125E1
4,184456293E2;3,161328125E1
4,185456293E2;3,158984375E1
4,186456293E2;3,160156250E1
4,187456293E2;3,159375000E1
4,188456293E2;3,158593750E1
4,189456293E2;3,159375000E1
4,190456293E2;3,157421875E1
4,191456293E2;3,158593750E1
4,192456293E2;3,159375000E1
4,193456293E2;3,156640625E1
4,194456293E2;3,160156250E1
4,195456293E2;3,156640625E1
4,196456293E2;3,158593750E1
4,197456293E2;3,159375000E1
4,198456293E2;3,157812500E1
4,199456293E2;3,159375000E1
4,200456293E2;3,158593750E1
4,201456293E2;3,161328125E1
4,202456293E2;3,157812500E1
4,203456293E2;3,159375000E1
4,204456293E2;3,160156250E1
4,205456293E2;3,156250000E1
4,206456293E2;3,158593750E1
4,207456293E2;3,157812500E1
4,208456293E2;3,157031250E1
4,209456293E2;3,156250000E1
4,210456293E2;3,159375000E1
4,211456293E2;3,160937500E1
4,212456293E2;3,157812500E1
4,213456293E2;3,157812500E1
4,214456293E2;3,163671875E1
4,215456293E2;3,156640625E1
4,216456293E2;3,157812500E1
4,217456293E2;3,158593750E1
4,218456293E2;3,159375000E1
4,219456293E2;3,156640625E1
4,220456293E2;3,155468750E1
4,221456293E2;3,156640625E1
4,222456293E2;3,154687500E1
4,223456293E2;3,153515625E1
4,224456293E2;3,157031250E1
4,225456293E2;3,158593750E1
4,226456293E2;3,158984375E1
4,227456293E2;3,158593750E1
4,228456293E2;3,155859375E1
4,229456293E2;3,157031250E1
4,230456293E2;3,156640625E1
4,231456293E2;3,156640625E1
4,232456293E2;3,157812500E1
4,233456293E2;3,160156250E1
4,234456293E2;3,160156250E1
4,235456293E2;3,159375000E1
4,236456293E2;3,162890625E1
4,237456293E2;3,157812500E1
4,238456293E2;3,157421875E1
4,239456293E2;3,156640625E1
4,240456293E2;3,156250000E1
4,241456293E2;3,158984375E1
4,242456293E2;3,157812500E1
4,243456293E2;3,155078125E1
4,244456293E2;3,157031250E1
4,245456293E2;3,156640625E1
4,246456293E2;3,156640625E1
4,247456293E2;3,156250000E1
4,248456293E2;3,157031250E1
4,249456293E2;3,157812500E1
4,250456293E2;3,158593750E1
4,251456293E2;3,157031250E1
4,252456293E2;3,153515625E1
4,253456293E2;3,156640625E1
4,254456293E2;3,158593750E1
4,255456293E2;3,157031250E1
4,256456293E2;3,157812500E1
4,257456293E2;3,157031250E1
4,258456293E2;3,157031250E1
4,259456293E2;3,158203125E1
4,260456293E2;3,157031250E1
4,261456293E2;3,160937500E1
4,262456293E2;3,158984375E1
4,263456293E2;3,157812500E1
4,264456293E2;3,158593750E1
4,265456293E2;3,157031250E1
4,266456293E2;3,155859375E1
4,267456293E2;3,157421875E1
4,268456293E2;3,155468750E1
4,269456293E2;3,161328125E1
4,270456293E2;3,160156250E1
4,271456293E2;3,160156250E1
4,272456293E2;3,162109375E1
4,273456293E2;3,162890625E1
4,274456293E2;3,163671875E1
4,275456293E2;3,162109375E1
4,276456293E2;3,157031250E1
4,277456293E2;3,156640625E1
4,278456293E2;3,159765625E1
4,279456293E2;3,159375000E1
4,280456293E2;3,155078125E1
4,281456293E2;3,159375000E1
4,282456293E2;3,162109375E1
4,283456293E2;3,161328125E1
4,284456293E2;3,160156250E1
4,285456293E2;3,161328125E1
4,286456293E2;3,159375000E1
4,287456293E2;3,159375000E1
4,288456293E2;3,160156250E1
4,289456293E2;3,156640625E1
4,290456293E2;3,157812500E1
4,291456293E2;3,158984375E1
4,292456293E2;3,160156250E1
4,293456293E2;3,161328125E1
4,294456293E2;3,160156250E1
4,295456293E2;3,158203125E1
4,296456293E2;3,154687500E1
4,297456293E2;3,157421875E1
4,298456293E2;3,154687500E1
4,299456293E2;3,155859375E1
4,300456293E2;3,156250000E1
4,301456293E2;3,153515625E1
4,302456293E2;3,151171875E1
4,303456293E2;3,157031250E1
4,304456293E2;3,156250000E1
4,305456293E2;3,152734375E1
4,306456293E2;3,157031250E1
4,307456293E2;3,153515625E1
4,308456293E2;3,155468750E1
4,309456293E2;3,154687500E1
4,310456293E2;3,154687500E1
4,311456293E2;3,153515625E1
4,312456293E2;3,157421875E1
4,313456293E2;3,153125000E1
4,314456293E2;3,157421875E1
4,315456293E2;3,154687500E1
4,316456293E2;3,154687500E1
4,317456293E2;3,156250000E1
4,318456293E2;3,153515625E1
4,319456293E2;3,155468750E1
4,320456293E2;3,154687500E1
4,321456293E2;3,154687500E1
4,322456293E2;3,152734375E1
4,323456293E2;3,152734375E1
4,324456293E2;3,155468750E1
4,325456293E2;3,158984375E1
4,326456293E2;3,151953125E1
4,327456293E2;3,151171875E1
4,328456293E2;3,152734375E1
4,329456293E2;3,153515625E1
4,330456293E2;3,151953125E1
4,331456293E2;3,153515625E1
4,332456293E2;3,151171875E1
4,333456293E2;3,151953125E1
4,334456293E2;3,153515625E1
4,335456293E2;3,155468750E1
4,336456293E2;3,150390625E1
4,337456293E2;3,153515625E1
4,338456293E2;3,151171875E1
4,339456293E2;3,153515625E1
4,340456293E2;3,156250000E1
4,341456293E2;3,154687500E1
4,342456293E2;3,156250000E1
4,343456293E2;3,151953125E1
4,344456293E2;3,156250000E1
4,345456293E2;3,152734375E1
4,346456293E2;3,155468750E1
4,347456293E2;3,153515625E1
4,348456293E2;3,150390625E1
4,349456293E2;3,153515625E1
4,350456293E2;3,156250000E1
4,351456293E2;3,152734375E1
4,352456293E2;3,154687500E1
4,353456293E2;3,151953125E1
4,354456293E2;3,153515625E1
4,355456293E2;3,153515625E1
4,356456293E2;3,151953125E1
4,357456293E2;3,152734375E1
4,358456293E2;3,152734375E1
4,359456293E2;3,151953125E1
4,360456293E2;3,151953125E1
4,361456293E2;3,157031250E1
4,362456293E2;3,150390625E1
4,363456293E2;3,151953125E1
4,364456293E2;3,152734375E1
4,365456293E2;3,151171875E1
4,366456293E2;3,152734375E1
4,367456293E2;3,155468750E1
4,368456293E2;3,153515625E1
4,369456293E2;3,154687500E1
4,370456293E2;3,155468750E1
4,371456293E2;3,156250000E1
4,372456293E2;3,154687500E1
4,373456293E2;3,151953125E1
4,374456293E2;3,158984375E1
4,375456293E2;3,160937500E1
4,376456293E2;3,155468750E1
4,377456293E2;3,154687500E1
4,378456293E2;3,155468750E1
4,379456293E2;3,152734375E1
4,380456293E2;3,150390625E1
4,381456293E2;3,155468750E1
4,382456293E2;3,156640625E1
4,383456293E2;3,152734375E1
4,384456293E2;3,155468750E1
4,385456293E2;3,158203125E1
4,386456293E2;3,155468750E1
4,387456293E2;3,158203125E1
4,388456293E2;3,154687500E1
4,389456293E2;3,152734375E1
4,390456293E2;3,155078125E1
4,391456293E2;3,154687500E1
4,392456293E2;3,155468750E1
4,393456293E2;3,152734375E1
4,394456293E2;3,151171875E1
4,395456293E2;3,151953125E1
4,396456293E2;3,153515625E1
4,397456293E2;3,153515625E1
4,398456293E2;3,155468750E1
4,399456293E2;3,148828125E1
4,400456293E2;3,154687500E1
4,401456293E2;3,150390625E1
4,402456293E2;3,157421875E1
4,403456293E2;3,153515625E1
4,404456293E2;3,153515625E1
4,405456293E2;3,153515625E1
4,406456293E2;3,152734375E1
4,407456293E2;3,150390625E1
4,408456293E2;3,154687500E1
4,409456293E2;3,154687500E1
4,410456293E2;3,151171875E1
4,411456293E2;3,151953125E1
4,412456293E2;3,154687500E1
4,413456293E2;3,154687500E1
4,414456293E2;3,151953125E1
4,415456293E2;3,151953125E1
4,416456293E2;3,153515625E1
4,417456293E2;3,154687500E1
4,418456293E2;3,156250000E1
4,419456293E2;3,155078125E1
4,420456293E2;3,155078125E1
4,421456293E2;3,152734375E1
4,422456293E2;3,152734375E1
4,423456293E2;3,152734375E1
4,424456293E2;3,149609375E1
4,425456293E2;3,154687500E1
4,426456293E2;3,159765625E1
4,427456293E2;3,158593750E1
4,428456293E2;3,153515625E1
4,429456293E2;3,153515625E1
4,430456293E2;3,151953125E1
4,431456293E2;3,153515625E1
4,432456293E2;3,152734375E1
4,433456293E2;3,151171875E1
4,434456293E2;3,155468750E1
4,435456293E2;3,151953125E1
4,436456293E2;3,157031250E1
4,437456293E2;3,153515625E1
4,438456293E2;3,151171875E1
4,439456293E2;3,155468750E1
4,440456293E2;3,151953125E1
4,441456293E2;3,151953125E1
4,442456293E2;3,157421875E1
4,443456293E2;3,153515625E1
4,444456293E2;3,151953125E1
4,445456293E2;3,155468750E1
4,446456293E2;3,155468750E1
4,447456293E2;3,153515625E1
4,448456293E2;3,153515625E1
4,449456293E2;3,154687500E1
4,450456293E2;3,156250000E1
4,451456293E2;3,154687500E1
4,452456293E2;3,153125000E1
4,453456293E2;3,155468750E1
4,454456293E2;3,149609375E1
4,455456293E2;3,152734375E1
4,456456293E2;3,151171875E1
4,457456293E2;3,156250000E1
4,458456293E2;3,156250000E1
4,459456293E2;3,151953125E1
4,460456293E2;3,152734375E1
4,461456293E2;3,153515625E1
4,462456293E2;3,153515625E1
4,463456293E2;3,154687500E1
4,464456293E2;3,153515625E1
4,465456293E2;3,145312500E1
4,466456293E2;3,153515625E1
4,467456293E2;3,152734375E1
4,468456293E2;3,152734375E1
4,469456293E2;3,151953125E1
4,470456293E2;3,154687500E1
4,471456293E2;3,153515625E1
4,472456293E2;3,155468750E1
4,473456293E2;3,157421875E1
4,474456293E2;3,157031250E1
4,475456293E2;3,152734375E1
4,476456293E2;3,154687500E1
4,477456293E2;3,154687500E1
4,478456293E2;3,152343750E1
4,479456293E2;3,156640625E1
4,480456293E2;3,154687500E1
4,481456293E2;3,149609375E1
4,482456293E2;3,154687500E1
4,483456293E2;3,151953125E1
4,484456293E2;3,151171875E1
4,485456293E2;3,152734375E1
4,486456293E2;3,154687500E1
4,487456293E2;3,151171875E1
4,488456293E2;3,152734375E1
4,489456293E2;3,152734375E1
4,490456293E2;3,149609375E1
4,491456293E2;3,152734375E1
4,492456293E2;3,152734375E1
4,493456293E2;3,153515625E1
4,494456293E2;3,155468750E1
4,495456293E2;3,154687500E1
4,496456293E2;3,155859375E1
4,497456293E2;3,157031250E1
4,498456293E2;3,154687500E1
4,499456293E2;3,153515625E1
4,500456293E2;3,153515625E1
4,501456293E2;3,158203125E1
4,502456293E2;3,153515625E1
4,503456293E2;3,152734375E1
4,504456293E2;3,153515625E1
4,505456293E2;3,152734375E1
4,506456293E2;3,153515625E1
4,507456293E2;3,154687500E1
4,508456293E2;3,154687500E1
4,509456293E2;3,151171875E1
4,510456293E2;3,155468750E1
4,511456293E2;3,157031250E1
4,512456293E2;3,149609375E1
4,513456293E2;3,154687500E1
4,514456293E2;3,151953125E1
4,515456293E2;3,152734375E1
4,516456293E2;3,153515625E1
4,517456293E2;3,151171875E1
4,518456293E2;3,150390625E1
4,519456293E2;3,152734375E1
4,520456293E2;3,152734375E1
4,521456293E2;3,154687500E1
4,522456293E2;3,151171875E1
4,523456293E2;3,153515625E1
4,524456293E2;3,154687500E1
4,525456293E2;3,154687500E1
4,526456293E2;3,154687500E1
4,527456293E2;3,150390625E1
4,528456293E2;3,155468750E1
4,529456293E2;3,155468750E1
4,530456293E2;3,155468750E1
4,531456293E2;3,150390625E1
4,532456293E2;3,151171875E1
4,533456293E2;3,152734375E1
4,534456293E2;3,148046875E1
4,535456293E2;3,154687500E1
4,536456293E2;3,150390625E1
4,537456293E2;3,151953125E1
4,538456293E2;3,151953125E1
4,539456293E2;3,151171875E1
4,540456293E2;3,151953125E1
4,541456293E2;3,149609375E1
4,542456293E2;3,152734375E1
4,543456293E2;3,151953125E1
4,544456293E2;3,151171875E1
4,545456293E2;3,151953125E1
4,546456293E2;3,154687500E1
4,547456293E2;3,155468750E1
4,548456293E2;3,151171875E1
4,549456293E2;3,154687500E1
4,550456293E2;3,154687500E1
4,551456293E2;3,152734375E1
4,552456293E2;3,149609375E1
4,553456293E2;3,154687500E1
4,554456293E2;3,151171875E1
4,555456293E2;3,153515625E1
4,556456293E2;3,155468750E1
4,557456293E2;3,151171875E1
4,558456293E2;3,152734375E1
4,559456293E2;3,154687500E1
4,560456293E2;3,151171875E1
4,561456293E2;3,157031250E1
4,562456293E2;3,155468750E1
4,563456293E2;3,152734375E1
4,564456293E2;3,154687500E1
4,565456293E2;3,155468750E1
4,566456293E2;3,153515625E1
4,567456293E2;3,151953125E1
4,568456293E2;3,156250000E1
4,569456293E2;3,153515625E1
4,570456293E2;3,149609375E1
4,571456293E2;3,156250000E1
4,572456293E2;3,152734375E1
4,573456293E2;3,155468750E1
4,574456293E2;3,153515625E1
4,575456293E2;3,155078125E1
4,576456293E2;3,156250000E1
4,577456293E2;3,151953125E1
4,578456293E2;3,154687500E1
4,579456293E2;3,153515625E1
4,580456293E2;3,153515625E1
4,581456293E2;3,156250000E1
4,582456293E2;3,155468750E1
4,583456293E2;3,150390625E1
4,584456293E2;3,154687500E1
4,585456293E2;3,154687500E1
4,586456293E2;3,151953125E1
4,587456293E2;3,156250000E1
4,588456293E2;3,156250000E1
4,589456293E2;3,156250000E1
4,590456293E2;3,153515625E1
4,591456293E2;3,151953125E1
4,592456293E2;3,155859375E1
4,593456293E2;3,154687500E1
4,594456293E2;3,159765625E1
4,595456293E2;3,159765625E1
4,596456293E2;3,160156250E1
4,597456293E2;3,157812500E1
4,598456293E2;3,158593750E1
4,599456293E2;3,157421875E1
4,600456293E2;3,158203125E1
4,601456293E2;3,157812500E1
4,602456293E2;3,152734375E1
4,603456293E2;3,157812500E1
4,604456293E2;3,157031250E1
4,605456293E2;3,154687500E1
4,606456293E2;3,157812500E1
4,607456293E2;3,157031250E1
4,608456293E2;3,158203125E1
4,609456293E2;3,163281250E1
4,610456293E2;3,155859375E1
4,611456293E2;3,155468750E1
4,612456293E2;3,158593750E1
4,613456293E2;3,157812500E1
4,614456293E2;3,158593750E1
4,615456293E2;3,157031250E1
4,616456293E2;3,161718750E1
4,617456293E2;3,158593750E1
4,618456293E2;3,157031250E1
4,619456293E2;3,156640625E1
4,620456293E2;3,156640625E1
4,621456293E2;3,156250000E1
4,622456293E2;3,156250000E1
4,623456293E2;3,157812500E1
4,624456293E2;3,157812500E1
4,625456293E2;3,157812500E1
4,626456293E2;3,155859375E1
4,627456293E2;3,156640625E1
4,628456293E2;3,158593750E1
4,629456293E2;3,157031250E1
4,630456293E2;3,159765625E1
4,631456293E2;3,157421875E1
4,632456293E2;3,155859375E1
4,633456293E2;3,159375000E1
4,634456293E2;3,157031250E1
4,635456293E2;3,156250000E1
4,636456293E2;3,156640625E1
4,637456293E2;3,161328125E1
4,638456293E2;3,158593750E1
4,639456293E2;3,158984375E1
4,640456293E2;3,156250000E1
4,641456293E2;3,156250000E1
4,642456293E2;3,154296875E1
4,643456293E2;3,155468750E1
4,644456293E2;3,155859375E1
4,645456293E2;3,155468750E1
4,646456293E2;3,158593750E1
4,647456293E2;3,160156250E1
4,648456293E2;3,160156250E1
4,649456293E2;3,157031250E1
4,650456293E2;3,157031250E1
4,651456293E2;3,158593750E1
4,652456293E2;3,158593750E1
4,653456293E2;3,157031250E1
4,654456293E2;3,160156250E1
4,655456293E2;3,158984375E1
4,656456293E2;3,161328125E1
4,657456293E2;3,157421875E1
4,658456293E2;3,157031250E1
4,659456293E2;3,158593750E1
4,660456293E2;3,162890625E1
4,661456293E2;3,157812500E1
4,662456293E2;3,157421875E1
4,663456293E2;3,154687500E1
4,664456293E2;3,157812500E1
4,665456293E2;3,156640625E1
4,666456293E2;3,157812500E1
4,667456293E2;3,159375000E1
4,668456293E2;3,156640625E1
4,669456293E2;3,160937500E1
4,670456293E2;3,155859375E1
4,671456293E2;3,162109375E1
4,672456293E2;3,162109375E1
4,673456293E2;3,157812500E1
4,674456293E2;3,156640625E1
4,675456293E2;3,162109375E1
4,676456293E2;3,161328125E1
4,677456293E2;3,157031250E1
4,678456293E2;3,160156250E1
4,679456293E2;3,157812500E1
4,680456293E2;3,160156250E1
4,681456293E2;3,159375000E1
4,682456293E2;3,160156250E1
4,683456293E2;3,158593750E1
4,684456293E2;3,160156250E1
4,685456293E2;3,162890625E1
4,686456293E2;3,157031250E1
4,687456293E2;3,162890625E1
4,688456293E2;3,159375000E1
4,689456293E2;3,160156250E1
4,690456293E2;3,161328125E1
4,691456293E2;3,162890625E1
4,692456293E2;3,164453125E1
4,693456293E2;3,161328125E1
4,694456293E2;3,164453125E1
4,695456293E2;3,160156250E1
4,696456293E2;3,161328125E1
4,697456293E2;3,161328125E1
4,698456293E2;3,161328125E1
4,699456293E2;3,167968750E1
4,700456293E2;3,163671875E1
4,701456293E2;3,162890625E1
4,702456293E2;3,162109375E1
4,703456293E2;3,162890625E1
4,704456293E2;3,158593750E1
4,705456293E2;3,157812500E1
4,706456293E2;3,157812500E1
4,707456293E2;3,160156250E1
4,708456293E2;3,163671875E1
4,709456293E2;3,162890625E1
4,710456293E2;3,161328125E1
4,711456293E2;3,162109375E1
4,712456293E2;3,160156250E1
4,713456293E2;3,161328125E1
4,714456293E2;3,165234375E1
4,715456293E2;3,166796875E1
4,716456293E2;3,160156250E1
4,717456293E2;3,163671875E1
4,718456293E2;3,166015625E1
4,719456293E2;3,168750000E1
4,720456293E2;3,169531250E1
4,721456293E2;3,169921875E1
4,722456293E2;3,166015625E1
4,723456293E2;3,166015625E1
4,724456293E2;3,168359375E1
4,725456293E2;3,168359375E1
4,726456293E2;3,169531250E1
4,727456293E2;3,171875000E1
4,728456293E2;3,171093750E1
4,729456293E2;3,176953125E1
4,730456293E2;3,170312500E1
4,731456293E2;3,175390625E1
4,732456293E2;3,174609375E1
4,733456293E2;3,172656250E1
4,734456293E2;3,171484375E1
4,735456293E2;3,176953125E1
4,736456293E2;3,176171875E1
4,737456293E2;3,176953125E1
4,738456293E2;3,176171875E1
4,739456293E2;3,177734375E1
4,740456293E2;3,173437500E1
4,741456293E2;3,176171875E1
4,742456293E2;3,177734375E1
4,743456293E2;3,176953125E1
4,744456293E2;3,180078125E1
4,745456293E2;3,177734375E1
4,746456293E2;3,179296875E1
4,747456293E2;3,178515625E1
4,748456293E2;3,180078125E1
4,749456293E2;3,180078125E1
4,750456293E2;3,179296875E1
4,751456293E2;3,178515625E1
4,752456293E2;3,175390625E1
4,753456293E2;3,178515625E1
4,754456293E2;3,176953125E1
4,755456293E2;3,177734375E1
4,756456293E2;3,176171875E1
4,757456293E2;3,181250000E1
4,758456293E2;3,181250000E1
4,759456293E2;3,180078125E1
4,760456293E2;3,181250000E1
4,761456293E2;3,182812500E1
4,762456293E2;3,178515625E1
4,763456293E2;3,182812500E1
4,764456293E2;3,182031250E1
4,765456293E2;3,181640625E1
4,766456293E2;3,182812500E1
4,767456293E2;3,181640625E1
4,768456293E2;3,183593750E1
4,769456293E2;3,178125000E1
4,770456293E2;3,183203125E1
4,771456293E2;3,183203125E1
4,772456293E2;3,183593750E1
4,773456293E2;3,182812500E1
4,774456293E2;3,183593750E1
4,775456293E2;3,186328125E1
4,776456293E2;3,183984375E1
4,777456293E2;3,185156250E1
4,778456293E2;3,185937500E1
4,779456293E2;3,185937500E1
4,780456293E2;3,187890625E1
4,781456293E2;3,185937500E1
4,782456293E2;3,183593750E1
4,783456293E2;3,185156250E1
4,784456293E2;3,184375000E1
4,785456293E2;3,183593750E1
4,786456293E2;3,190234375E1
4,787456293E2;3,182812500E1
4,788456293E2;3,187890625E1
4,789456293E2;3,186328125E1
4,790456293E2;3,185156250E1
4,791456293E2;3,185937500E1
4,792456293E2;3,182812500E1
4,793456293E2;3,183593750E1
4,794456293E2;3,185937500E1
4,795456293E2;3,184375000E1
4,796456293E2;3,187500000E1
4,797456293E2;3,185156250E1
4,798456293E2;3,187890625E1
4,799456293E2;3,187890625E1
4,800456293E2;3,182421875E1
4,801456293E2;3,188671875E1
4,802456293E2;3,183203125E1
4,803456293E2;3,183593750E1
4,804456293E2;3,183593750E1
4,805456293E2;3,185937500E1
4,806456293E2;3,183593750E1
4,807456293E2;3,186718750E1
4,808456293E2;3,185156250E1
4,809456293E2;3,186718750E1
4,810456293E2;3,182421875E1
4,811456293E2;3,182421875E1
4,812456293E2;3,185156250E1
4,813456293E2;3,184375000E1
4,814456293E2;3,185156250E1
4,815456293E2;3,182812500E1
4,816456293E2;3,184375000E1
4,817456293E2;3,182812500E1
4,818456293E2;3,186718750E1
4,819456293E2;3,185156250E1
4,820456293E2;3,185937500E1
4,821456293E2;3,184375000E1
4,822456293E2;3,183984375E1
4,823456293E2;3,181640625E1
4,824456293E2;3,184375000E1
4,825456293E2;3,184375000E1
4,826456293E2;3,182812500E1
4,827456293E2;3,187890625E1
4,828456293E2;3,183984375E1
4,829456293E2;3,182812500E1
4,830456293E2;3,183593750E1
4,831456293E2;3,187890625E1
4,832456293E2;3,184375000E1
4,833456293E2;3,182812500E1
4,834456293E2;3,183984375E1
4,835456293E2;3,184375000E1
4,836456293E2;3,183203125E1
4,837456293E2;3,182031250E1
4,838456293E2;3,187890625E1
4,839456293E2;3,183984375E1
4,840456293E2;3,182421875E1
4,841456293E2;3,185156250E1
4,842456293E2;3,183984375E1
4,843456293E2;3,185156250E1
4,844456293E2;3,183593750E1
4,845456293E2;3,182031250E1
4,846456293E2;3,183593750E1
4,847456293E2;3,183593750E1
4,848456293E2;3,182812500E1
4,849456293E2;3,185937500E1
4,850456293E2;3,183593750E1
4,851456293E2;3,183593750E1
4,852456293E2;3,182421875E1
4,853456293E2;3,185937500E1
4,854456293E2;3,190234375E1
4,855456293E2;3,188671875E1
4,856456293E2;3,186718750E1
4,857456293E2;3,185156250E1
4,858456293E2;3,189453125E1
4,859456293E2;3,183593750E1
4,860456293E2;3,189453125E1
4,861456293E2;3,188671875E1
4,862456293E2;3,191015625E1
4,863456293E2;3,188671875E1
4,864456293E2;3,189453125E1
4,865456293E2;3,190234375E1
4,866456293E2;3,191796875E1
4,867456293E2;3,191015625E1
4,868456293E2;3,191015625E1
4,869456293E2;3,190234375E1
4,870456293E2;3,191796875E1
4,871456293E2;3,191015625E1
4,872456293E2;3,194531250E1
4,873456293E2;3,198046875E1
4,874456293E2;3,189453125E1
4,875456293E2;3,191796875E1
4,876456293E2;3,186718750E1
4,877456293E2;3,191796875E1
4,878456293E2;3,195703125E1
4,879456293E2;3,198046875E1
4,880456293E2;3,200000000E1
4,881456293E2;3,190625000E1
4,882456293E2;3,190234375E1
4,883456293E2;3,196875000E1
4,884456293E2;3,192187500E1
4,885456293E2;3,198437500E1
4,886456293E2;3,189453125E1
4,887456293E2;3,191796875E1
4,888456293E2;3,196484375E1
4,889456293E2;3,197656250E1
4,890456293E2;3,195312500E1
4,891456293E2;3,197656250E1
4,892456293E2;3,199218750E1
4,893456293E2;3,197265625E1
4,894456293E2;3,194921875E1
4,895456293E2;3,197656250E1
4,896456293E2;3,201953125E1
4,897456293E2;3,202734375E1
4,898456293E2;3,198437500E1
4,899456293E2;3,204296875E1
4,900456293E2;3,197656250E1
4,901456293E2;3,200000000E1
4,902456293E2;3,201171875E1
4,903456293E2;3,199218750E1
4,904456293E2;3,205859375E1
4,905456293E2;3,203515625E1
4,906456293E2;3,206640625E1
4,907456293E2;3,205078125E1
4,908456293E2;3,201953125E1
4,909456293E2;3,200000000E1
4,910456293E2;3,205859375E1
4,911456293E2;3,204296875E1
4,912456293E2;3,205078125E1
4,913456293E2;3,209765625E1
4,914456293E2;3,208984375E1
4,915456293E2;3,207812500E1
4,916456293E2;3,206640625E1
4,917456293E2;3,208593750E1
4,918456293E2;3,208203125E1
4,921854103E2;3,258984375E1
4,922854103E2;3,261718750E1
4,923854103E2;3,261718750E1
4,924854103E2;3,259765625E1
4,925854103E2;3,259765625E1
4,926854103E2;3,259375000E1
4,927854103E2;3,259765625E1
4,928854103E2;3,259765625E1
4,929854103E2;3,256250000E1
4,930854103E2;3,259765625E1
4,931854103E2;3,262500000E1
4,932854103E2;3,260546875E1
4,933854103E2;3,259765625E1
4,934854103E2;3,259765625E1
4,935854103E2;3,258203125E1
4,936854103E2;3,260546875E1
4,937854103E2;3,258203125E1
4,938854103E2;3,257421875E1
4,939854103E2;3,259375000E1
4,940854103E2;3,260546875E1
4,941854103E2;3,258203125E1
4,942854103E2;3,258984375E1
4,943854103E2;3,260546875E1
4,944854103E2;3,258203125E1
4,945854103E2;3,256640625E1
4,946854103E2;3,258203125E1
4,947854103E2;3,257812500E1
4,948854103E2;3,258984375E1
4,949854103E2;3,258593750E1
4,950854103E2;3,261328125E1
4,951854103E2;3,259375000E1
4,952854103E2;3,262109375E1
4,953854103E2;3,258593750E1
4,954854103E2;3,259765625E1
4,955854103E2;3,264062500E1
4,956854103E2;3,259375000E1
4,957854103E2;3,260937500E1
4,958854103E2;3,262500000E1
4,959854103E2;3,259765625E1
4,960854103E2;3,261718750E1
4,961854103E2;3,261718750E1
4,962854103E2;3,264843750E1
4,963854103E2;3,262500000E1
4,964854103E2;3,266406250E1
4,965854103E2;3,265625000E1
4,966854103E2;3,262500000E1
4,967854103E2;3,259765625E1
4,968854103E2;3,267578125E1
4,969854103E2;3,265625000E1
4,970854103E2;3,264843750E1
4,971854103E2;3,266406250E1
4,972854103E2;3,269140625E1
4,973854103E2;3,268359375E1
4,974854103E2;3,269140625E1
4,975854103E2;3,265625000E1
4,976854103E2;3,270703125E1
4,977854103E2;3,270703125E1
4,978854103E2;3,266406250E1
4,979854103E2;3,268359375E1
4,980854103E2;3,271484375E1
4,981854103E2;3,270703125E1
4,982854103E2;3,271093750E1
4,983854103E2;3,277343750E1
4,984854103E2;3,266406250E1
4,985854103E2;3,272265625E1
4,986854103E2;3,271484375E1
4,987854103E2;3,269921875E1
4,988854103E2;3,272656250E1
4,989854103E2;3,272265625E1
4,990854103E2;3,273046875E1
4,991854103E2;3,269921875E1
4,992854103E2;3,275781250E1
4,993854103E2;3,278125000E1
4,994854103E2;3,274218750E1
4,995854103E2;3,272656250E1
4,996854103E2;3,273046875E1
4,997854103E2;3,274218750E1
4,998854103E2;3,276562500E1
4,999854103E2;3,275390625E1
5,000854103E2;3,281640625E1
5,001854103E2;3,275000000E1
5,002854103E2;3,273046875E1
5,003854103E2;3,283984375E1
5,004854103E2;3,271875000E1
5,005854103E2;3,281640625E1
5,006854103E2;3,284765625E1
5,007854103E2;3,283203125E1
5,008854103E2;3,286328125E1
5,009854103E2;3,288671875E1
5,010854103E2;3,285156250E1
5,011854103E2;3,287890625E1
5,012854103E2;3,287500000E1
5,013854103E2;3,285546875E1
5,014854103E2;3,286328125E1
5,015854103E2;3,287500000E1
5,016854103E2;3,294921875E1
5,017854103E2;3,295703125E1
5,018854103E2;3,295703125E1
5,019854103E2;3,291406250E1
5,020854103E2;3,296484375E1
5,021854103E2;3,294140625E1
5,022854103E2;3,297265625E1
5,023854103E2;3,299609375E1
5,024854103E2;3,297265625E1
5,025854103E2;3,301562500E1
5,026854103E2;3,301562500E1
5,027854103E2;3,300781250E1
5,028854103E2;3,299609375E1
5,029854103E2;3,303906250E1
5,030854103E2;3,304687500E1
5,031854103E2;3,300781250E1
5,032854103E2;3,306250000E1
5,033854103E2;3,306250000E1
5,034854103E2;3,309765625E1
5,035854103E2;3,313671875E1
5,036854103E2;3,307421875E1
5,037854103E2;3,311718750E1
5,038854103E2;3,312890625E1
5,039854103E2;3,311328125E1
5,040854103E2;3,311328125E1
5,041854103E2;3,312109375E1
5,042854103E2;3,314062500E1
5,043854103E2;3,314062500E1
5,044854103E2;3,314062500E1
5,045854103E2;3,315625000E1
5,046854103E2;3,315625000E1
5,047854103E2;3,320703125E1
5,048854103E2;3,316406250E1
5,049854103E2;3,318750000E1
5,050854103E2;3,319531250E1
5,051854103E2;3,320703125E1
5,052854103E2;3,320703125E1
5,053854103E2;3,319531250E1
5,054854103E2;3,320703125E1
5,055854103E2;3,323828125E1
5,056854103E2;3,326171875E1
5,057854103E2;3,328125000E1
5,058854103E2;3,328906250E1
5,059854103E2;3,328906250E1
5,060854103E2;3,332031250E1
5,061854103E2;3,329687500E1
5,062854103E2;3,328125000E1
5,063854103E2;3,334765625E1
5,064854103E2;3,333984375E1
5,065854103E2;3,333984375E1
5,066854103E2;3,338281250E1
5,067854103E2;3,335546875E1
5,068854103E2;3,333984375E1
5,069854103E2;3,333593750E1
5,070854103E2;3,337109375E1
5,071854103E2;3,335156250E1
5,072854103E2;3,338671875E1
5,073854103E2;3,336718750E1
5,074854103E2;3,337500000E1
5,075854103E2;3,335937500E1
5,076854103E2;3,343750000E1
5,077854103E2;3,342187500E1
5,078854103E2;3,341406250E1
5,079854103E2;3,340625000E1
5,080854103E2;3,342187500E1
5,081854103E2;3,341406250E1
5,082854103E2;3,340625000E1
5,083854103E2;3,345312500E1
5,084854103E2;3,346093750E1
5,085854103E2;3,346093750E1
5,086854103E2;3,351171875E1
5,087854103E2;3,351171875E1
5,088854103E2;3,351953125E1
5,089854103E2;3,354687500E1
5,090854103E2;3,355078125E1
5,091854103E2;3,353906250E1
5,092854103E2;3,358593750E1
5,093854103E2;3,357031250E1
5,094854103E2;3,360546875E1
5,095854103E2;3,357812500E1
5,096854103E2;3,362890625E1
5,097854103E2;3,362109375E1
5,098854103E2;3,362890625E1
5,099854103E2;3,364062500E1
5,100854103E2;3,359375000E1
5,101854103E2;3,357812500E1
5,102854103E2;3,360546875E1
5,103854103E2;3,362109375E1
5,104854103E2;3,363671875E1
5,105854103E2;3,366796875E1
5,106854103E2;3,361718750E1
5,107854103E2;3,358593750E1
5,108854103E2;3,366015625E1
5,109854103E2;3,365625000E1
5,110854103E2;3,362109375E1
5,111854103E2;3,364453125E1
5,112854103E2;3,366015625E1
5,113854103E2;3,367968750E1
5,114854103E2;3,365234375E1
5,115854103E2;3,365234375E1
5,116854103E2;3,370312500E1
5,117854103E2;3,367968750E1
5,118854103E2;3,369531250E1
5,119854103E2;3,371875000E1
5,120854103E2;3,373828125E1
5,121854103E2;3,367968750E1
5,122854103E2;3,368750000E1
5,123854103E2;3,370312500E1
5,124854103E2;3,370312500E1
5,125854103E2;3,370312500E1
5,126854103E2;3,371875000E1
5,127854103E2;3,372656250E1
5,128854103E2;3,371093750E1
5,129854103E2;3,366015625E1
5,130854103E2;3,372656250E1
5,131854103E2;3,367187500E1
5,132854103E2;3,374218750E1
5,133854103E2;3,371875000E1
5,134854103E2;3,373828125E1
5,135854103E2;3,376953125E1
5,136854103E2;3,375390625E1
5,137854103E2;3,376562500E1
5,138854103E2;3,373828125E1
5,139854103E2;3,378515625E1
5,140854103E2;3,385937500E1
5,141854103E2;3,380468750E1
5,142854103E2;3,380468750E1
5,143854103E2;3,383593750E1
5,144854103E2;3,382812500E1
5,145854103E2;3,379296875E1
5,146854103E2;3,387109375E1
5,147854103E2;3,383593750E1
5,148854103E2;3,379296875E1
5,149854103E2;3,379296875E1
5,150854103E2;3,380468750E1
5,151854103E2;3,375390625E1
5,152854103E2;3,378515625E1
5,153854103E2;3,381250000E1
5,154854103E2;3,376953125E1
5,155854103E2;3,381640625E1
5,156854103E2;3,380468750E1
5,157854103E2;3,382031250E1
5,158854103E2;3,382031250E1
5,159854103E2;3,382812500E1
5,160854103E2;3,380468750E1
5,161854103E2;3,382031250E1
5,162854103E2;3,380468750E1
5,163854103E2;3,387890625E1
5,164854103E2;3,382031250E1
5,165854103E2;3,380468750E1
5,166854103E2;3,383593750E1
5,167854103E2;3,382812500E1
5,168854103E2;3,384375000E1
5,169854103E2;3,382031250E1
5,170854103E2;3,382812500E1
5,171854103E2;3,385156250E1
5,172854103E2;3,385937500E1
5,173854103E2;3,383593750E1
5,174854103E2;3,383593750E1
5,175854103E2;3,387890625E1
5,176854103E2;3,378515625E1
5,177854103E2;3,385937500E1
5,178854103E2;3,384375000E1
5,179854103E2;3,387109375E1
5,180854103E2;3,385937500E1
5,181854103E2;3,385156250E1
5,182854103E2;3,385937500E1
5,183854103E2;3,382031250E1
5,184854103E2;3,389062500E1
5,185854103E2;3,389062500E1
5,186854103E2;3,388281250E1
5,187854103E2;3,389453125E1
5,188854103E2;3,391015625E1
5,189854103E2;3,390234375E1
5,190854103E2;3,388281250E1
5,191854103E2;3,390234375E1
5,192854103E2;3,389062500E1
5,193854103E2;3,387500000E1
5,194854103E2;3,390234375E1
5,195854103E2;3,392578125E1
5,196854103E2;3,387890625E1
5,197854103E2;3,391015625E1
5,198854103E2;3,385937500E1
5,199854103E2;3,383593750E1
5,200854103E2;3,383984375E1
5,201854103E2;3,387109375E1
5,202854103E2;3,385546875E1
5,203854103E2;3,387500000E1
5,204854103E2;3,384765625E1
5,205854103E2;3,387890625E1
5,206854103E2;3,389062500E1
5,207854103E2;3,387890625E1
5,208854103E2;3,385546875E1
5,209854103E2;3,387890625E1
5,210854103E2;3,384375000E1
5,211854103E2;3,387109375E1
5,212854103E2;3,385937500E1
5,213854103E2;3,389062500E1
5,214854103E2;3,388671875E1
5,215854103E2;3,385156250E1
5,216854103E2;3,388671875E1
5,217854103E2;3,391015625E1
5,218854103E2;3,385937500E1
5,219854103E2;3,385937500E1
5,220854103E2;3,387500000E1
5,221854103E2;3,384765625E1
5,222854103E2;3,387109375E1
5,223854103E2;3,384375000E1
5,224854103E2;3,387109375E1
5,225854103E2;3,384375000E1
5,226854103E2;3,385156250E1
5,227854103E2;3,384375000E1
5,228854103E2;3,385156250E1
5,229854103E2;3,380468750E1
5,230854103E2;3,383593750E1
5,231854103E2;3,382812500E1
5,232854103E2;3,386718750E1
5,233854103E2;3,387109375E1
5,234854103E2;3,384375000E1
5,235854103E2;3,383593750E1
5,236854103E2;3,382812500E1
5,237854103E2;3,385156250E1
5,238854103E2;3,388281250E1
5,239854103E2;3,387890625E1
5,240854103E2;3,388671875E1
5,241854103E2;3,387890625E1
5,242854103E2;3,383593750E1
5,243854103E2;3,382031250E1
5,244854103E2;3,383593750E1
5,245854103E2;3,384765625E1
5,246854103E2;3,385937500E1
5,247854103E2;3,387109375E1
5,248854103E2;3,389453125E1
5,249854103E2;3,388671875E1
5,250854103E2;3,387890625E1
5,251854103E2;3,385156250E1
5,252854103E2;3,387109375E1
5,253854103E2;3,383593750E1
5,254854103E2;3,383593750E1
5,255854103E2;3,383593750E1
5,256854103E2;3,380468750E1
5,257854103E2;3,384375000E1
5,258854103E2;3,382812500E1
5,259854103E2;3,390625000E1
5,260854103E2;3,385156250E1
5,261854103E2;3,389062500E1
5,262854103E2;3,384765625E1
5,263854103E2;3,390625000E1
5,264854103E2;3,387109375E1
5,265854103E2;3,391015625E1
5,266854103E2;3,388281250E1
5,267854103E2;3,385937500E1
5,268854103E2;3,386718750E1
5,269854103E2;3,385937500E1
5,270854103E2;3,386718750E1
5,271854103E2;3,387890625E1
5,272854103E2;3,385937500E1
5,273854103E2;3,382812500E1
5,274854103E2;3,387109375E1
5,275854103E2;3,383593750E1
5,276854103E2;3,387109375E1
5,277854103E2;3,385156250E1
5,278854103E2;3,385156250E1
5,279854103E2;3,382812500E1
5,280854103E2;3,383593750E1
5,281854103E2;3,387890625E1
5,282854103E2;3,383593750E1
5,283854103E2;3,382031250E1
5,284854103E2;3,381250000E1
5,285854103E2;3,378515625E1
5,286854103E2;3,382031250E1
5,287854103E2;3,385156250E1
5,288854103E2;3,383593750E1
5,289854103E2;3,384375000E1
5,290854103E2;3,387890625E1
5,291854103E2;3,382812500E1
5,292854103E2;3,383593750E1
5,293854103E2;3,384375000E1
5,294854103E2;3,382031250E1
5,295854103E2;3,385937500E1
5,296854103E2;3,385156250E1
5,297854103E2;3,387890625E1
5,298854103E2;3,384375000E1
5,299854103E2;3,385937500E1
5,300854103E2;3,377734375E1
5,301854103E2;3,385937500E1
5,302854103E2;3,383593750E1
5,303854103E2;3,382031250E1
5,304854103E2;3,383593750E1
5,305854103E2;3,385156250E1
5,306854103E2;3,381250000E1
5,307854103E2;3,384375000E1
5,308854103E2;3,382031250E1
5,309854103E2;3,381250000E1
5,310854103E2;3,382031250E1
5,311854103E2;3,379296875E1
5,312854103E2;3,387109375E1
5,313854103E2;3,383593750E1
5,314854103E2;3,384375000E1
5,315854103E2;3,377734375E1
5,316854103E2;3,382812500E1
5,317854103E2;3,384375000E1
5,318854103E2;3,379296875E1
5,319854103E2;3,379296875E1
5,320854103E2;3,379296875E1
5,321854103E2;3,381250000E1
5,322854103E2;3,377734375E1
5,323854103E2;3,383593750E1
5,324854103E2;3,382031250E1
5,325854103E2;3,387890625E1
5,326854103E2;3,387109375E1
5,327854103E2;3,383593750E1
5,328854103E2;3,384375000E1
5,329854103E2;3,387890625E1
5,330854103E2;3,383593750E1
5,331854103E2;3,385156250E1
5,332854103E2;3,385546875E1
5,333854103E2;3,385937500E1
5,334854103E2;3,387109375E1
5,335854103E2;3,387890625E1
5,336854103E2;3,389062500E1
5,337854103E2;3,387109375E1
5,338854103E2;3,387109375E1
5,339854103E2;3,379296875E1
5,340854103E2;3,380468750E1
5,341854103E2;3,376171875E1
5,342854103E2;3,378515625E1
5,343854103E2;3,383593750E1
5,344854103E2;3,382031250E1
5,345854103E2;3,376953125E1
5,346854103E2;3,385156250E1
5,347854103E2;3,376953125E1
5,348854103E2;3,380468750E1
5,349854103E2;3,380468750E1
5,350854103E2;3,379296875E1
5,351854103E2;3,382812500E1
5,352854103E2;3,381250000E1
5,353854103E2;3,380468750E1
5,354854103E2;3,380468750E1
5,355854103E2;3,380468750E1
5,356854103E2;3,376953125E1
5,357854103E2;3,383593750E1
5,358854103E2;3,377734375E1
5,359854103E2;3,382812500E1
5,360854103E2;3,377734375E1
5,361854103E2;3,381250000E1
5,362854103E2;3,382812500E1
5,363854103E2;3,378515625E1
5,364854103E2;3,383593750E1
5,365854103E2;3,382812500E1
5,366854103E2;3,376953125E1
5,367854103E2;3,381250000E1
5,368854103E2;3,380468750E1
5,369854103E2;3,382031250E1
5,370854103E2;3,377734375E1
5,371854103E2;3,382031250E1
5,372854103E2;3,376953125E1
5,373854103E2;3,379296875E1
5,374854103E2;3,382031250E1
5,375854103E2;3,379296875E1
5,376854103E2;3,382812500E1
5,377854103E2;3,380468750E1
5,378854103E2;3,385937500E1
5,379854103E2;3,382031250E1
5,380854103E2;3,380468750E1
5,381854103E2;3,377734375E1
5,382854103E2;3,383593750E1
5,383854103E2;3,382031250E1
5,384854103E2;3,382031250E1
5,385854103E2;3,381250000E1
5,386854103E2;3,382031250E1
5,387854103E2;3,382812500E1
5,388854103E2;3,377734375E1
5,389854103E2;3,382812500E1
5,390854103E2;3,385937500E1
5,391854103E2;3,387109375E1
5,392854103E2;3,388671875E1
5,393854103E2;3,387890625E1
5,394854103E2;3,391406250E1
5,395854103E2;3,385937500E1
5,396854103E2;3,382812500E1
5,397854103E2;3,386718750E1
5,398854103E2;3,385937500E1
5,399854103E2;3,384375000E1
5,400854103E2;3,382812500E1
5,401854103E2;3,384375000E1
5,402854103E2;3,383203125E1
5,403854103E2;3,383593750E1
5,404854103E2;3,388671875E1
5,405854103E2;3,381250000E1
5,406854103E2;3,383593750E1
5,407854103E2;3,383593750E1
5,408854103E2;3,387109375E1
5,409854103E2;3,385156250E1
5,410854103E2;3,387500000E1
5,411854103E2;3,387109375E1
5,412854103E2;3,382812500E1
5,413854103E2;3,384375000E1
5,414854103E2;3,386718750E1
5,415854103E2;3,384375000E1
5,416854103E2;3,387500000E1
5,417854103E2;3,385156250E1
5,418854103E2;3,382812500E1
5,419854103E2;3,385937500E1
5,420854103E2;3,388281250E1
5,421854103E2;3,389062500E1
5,422854103E2;3,389453125E1
5,423854103E2;3,390625000E1
5,424854103E2;3,388281250E1
5,425854103E2;3,390234375E1
5,426854103E2;3,387500000E1
5,427854103E2;3,390625000E1
5,428854103E2;3,389453125E1
5,429854103E2;3,388671875E1
5,430854103E2;3,388671875E1
5,431854103E2;3,388671875E1
5,432854103E2;3,388671875E1
5,433854103E2;3,389453125E1
5,434854103E2;3,387500000E1
5,435854103E2;3,388671875E1
5,436854103E2;3,387109375E1
5,437854103E2;3,386718750E1
5,438854103E2;3,384375000E1
5,439854103E2;3,385156250E1
5,440854103E2;3,384765625E1
5,441854103E2;3,387890625E1
5,442854103E2;3,388671875E1
5,443854103E2;3,381250000E1
5,444854103E2;3,384375000E1
5,445854103E2;3,383984375E1
5,446854103E2;3,382031250E1
5,447854103E2;3,384375000E1
5,448854103E2;3,385937500E1
5,449854103E2;3,385937500E1
5,450854103E2;3,387890625E1
5,451854103E2;3,389843750E1
5,452854103E2;3,385156250E1
5,453854103E2;3,387109375E1
5,454854103E2;3,387109375E1
5,455854103E2;3,383593750E1
5,456854103E2;3,385937500E1
5,457854103E2;3,385937500E1
5,458854103E2;3,389843750E1
5,459854103E2;3,384375000E1
5,460854103E2;3,389843750E1
5,461854103E2;3,387109375E1
5,462854103E2;3,387109375E1
5,463854103E2;3,382812500E1
5,464854103E2;3,387109375E1
5,465854103E2;3,385937500E1
5,466854103E2;3,383593750E1
5,467854103E2;3,387109375E1
5,468854103E2;3,389062500E1
5,469854103E2;3,382812500E1
5,470854103E2;3,385937500E1
5,471854103E2;3,388281250E1
5,472854103E2;3,387109375E1
5,473854103E2;3,385937500E1
5,474854103E2;3,385937500E1
5,475854103E2;3,390625000E1
5,476854103E2;3,387500000E1
5,477854103E2;3,387109375E1
5,478854103E2;3,385937500E1
5,479854103E2;3,386718750E1
5,480854103E2;3,384765625E1
5,481854103E2;3,382812500E1
5,482854103E2;3,391406250E1
5,483854103E2;3,385156250E1
5,484854103E2;3,391406250E1
5,485854103E2;3,387500000E1
5,486854103E2;3,387109375E1
5,487854103E2;3,389843750E1
5,488854103E2;3,388671875E1
5,489854103E2;3,391796875E1
5,490854103E2;3,389062500E1
5,491854103E2;3,385156250E1
5,492854103E2;3,388671875E1
5,493854103E2;3,389062500E1
5,494854103E2;3,383593750E1
5,495854103E2;3,387890625E1
5,496854103E2;3,388281250E1
5,497854103E2;3,389062500E1
5,498854103E2;3,387109375E1
5,499854103E2;3,389843750E1
5,500854103E2;3,387109375E1
5,501854103E2;3,381250000E1
5,502854103E2;3,385937500E1
5,503854103E2;3,387109375E1
5,504854103E2;3,385156250E1
5,505854103E2;3,385937500E1
5,506854103E2;3,383593750E1
5,507854103E2;3,392578125E1
5,508854103E2;3,393750000E1
5,509854103E2;3,391015625E1
5,510854103E2;3,391015625E1
5,511854103E2;3,390234375E1
5,512854103E2;3,388281250E1
5,513854103E2;3,393750000E1
5,514854103E2;3,392578125E1
5,515854103E2;3,387500000E1
5,516854103E2;3,391015625E1
5,517854103E2;3,391796875E1
5,518854103E2;3,391796875E1
5,519854103E2;3,388671875E1
5,520854103E2;3,387890625E1
5,521854103E2;3,393750000E1
5,522854103E2;3,390234375E1
5,523854103E2;3,389453125E1
5,524854103E2;3,389062500E1
5,525854103E2;3,388671875E1
5,526854103E2;3,391796875E1
5,527854103E2;3,390234375E1
5,528854103E2;3,389843750E1
5,529854103E2;3,391406250E1
5,530854103E2;3,392578125E1
5,531854103E2;3,390234375E1
5,532854103E2;3,389453125E1
5,533854103E2;3,388281250E1
5,534854103E2;3,388281250E1
5,535854103E2;3,390234375E1
5,536854103E2;3,388671875E1
5,537854103E2;3,388671875E1
5,538854103E2;3,386718750E1
5,539854103E2;3,382812500E1
5,540854103E2;3,378515625E1
5,541854103E2;3,388671875E1
5,542854103E2;3,382812500E1
5,543854103E2;3,387890625E1
5,544854103E2;3,385937500E1
5,545854103E2;3,383593750E1
5,546854103E2;3,385156250E1
5,547854103E2;3,383593750E1
5,548854103E2;3,384375000E1
5,549854103E2;3,382812500E1
5,550854103E2;3,389843750E1
5,551854103E2;3,383593750E1
5,552854103E2;3,385156250E1
5,553854103E2;3,382812500E1
5,554854103E2;3,387109375E1
5,555854103E2;3,382812500E1
5,556854103E2;3,385156250E1
5,557854103E2;3,384375000E1
5,558854103E2;3,385156250E1
5,559854103E2;3,387890625E1
5,560854103E2;3,385156250E1
5,561854103E2;3,383593750E1
5,562854103E2;3,384375000E1
5,563854103E2;3,378515625E1
5,564854103E2;3,385156250E1
5,565854103E2;3,387890625E1
5,566854103E2;3,385937500E1
5,567854103E2;3,385156250E1
5,568854103E2;3,384375000E1
5,569854103E2;3,381250000E1
5,570854103E2;3,383593750E1
5,571854103E2;3,379296875E1
5,572854103E2;3,383593750E1
5,573854103E2;3,382031250E1
5,574854103E2;3,380468750E1
5,575854103E2;3,382812500E1
5,576854103E2;3,385156250E1
5,577854103E2;3,383593750E1
5,578854103E2;3,375781250E1
5,579854103E2;3,379296875E1
5,580854103E2;3,387890625E1
5,581854103E2;3,381250000E1
5,582854103E2;3,380468750E1
5,583854103E2;3,383593750E1
5,584854103E2;3,383593750E1
5,585854103E2;3,385156250E1
5,586854103E2;3,382031250E1
5,587854103E2;3,383593750E1
5,588854103E2;3,376171875E1
5,589854103E2;3,380468750E1
5,590854103E2;3,379296875E1
5,591854103E2;3,381250000E1
5,592854103E2;3,384375000E1
5,593854103E2;3,380468750E1
5,594854103E2;3,387109375E1
5,595854103E2;3,376171875E1
5,596854103E2;3,380468750E1
5,597854103E2;3,384375000E1
5,598854103E2;3,382031250E1
5,599854103E2;3,384375000E1
5,600854103E2;3,377343750E1
5,601854103E2;3,378515625E1
5,602854103E2;3,382031250E1
5,603854103E2;3,378515625E1
5,604854103E2;3,379296875E1
5,605854103E2;3,380468750E1
5,606854103E2;3,378515625E1
5,607854103E2;3,380468750E1
5,608854103E2;3,382031250E1
5,609854103E2;3,384375000E1
5,610854103E2;3,377734375E1
5,611854103E2;3,379296875E1
5,612854103E2;3,379296875E1
5,613854103E2;3,375000000E1
5,614854103E2;3,376953125E1
5,615854103E2;3,381250000E1
5,616854103E2;3,373437500E1
5,617854103E2;3,379296875E1
5,618854103E2;3,377734375E1
5,619854103E2;3,378125000E1
5,620854103E2;3,381250000E1
5,621854103E2;3,381640625E1
5,622854103E2;3,380468750E1
5,623854103E2;3,377734375E1
5,624854103E2;3,377343750E1
5,625854103E2;3,378515625E1
5,626854103E2;3,377734375E1
5,627854103E2;3,376953125E1
5,628854103E2;3,375781250E1
5,629854103E2;3,374609375E1
5,630854103E2;3,377734375E1
5,631854103E2;3,378515625E1
5,632854103E2;3,373828125E1
5,633854103E2;3,380468750E1
5,634854103E2;3,374218750E1
5,635854103E2;3,377734375E1
5,636854103E2;3,376953125E1
5,637854103E2;3,379296875E1
5,638854103E2;3,375781250E1
5,639854103E2;3,379296875E1
5,640854103E2;3,378906250E1
5,641854103E2;3,382031250E1
5,642854103E2;3,375390625E1
5,643854103E2;3,375781250E1
5,644854103E2;3,375781250E1
5,645854103E2;3,375781250E1
5,646854103E2;3,380468750E1
5,647854103E2;3,375000000E1
5,648854103E2;3,380468750E1
5,649854103E2;3,375390625E1
5,650854103E2;3,376562500E1
5,651854103E2;3,375000000E1
5,652854103E2;3,378125000E1
5,653854103E2;3,375000000E1
5,654854103E2;3,373437500E1
5,655854103E2;3,378125000E1
5,656854103E2;3,378515625E1
5,657854103E2;3,375781250E1
5,658854103E2;3,378906250E1
5,659854103E2;3,375781250E1
5,660854103E2;3,377734375E1
5,661854103E2;3,379296875E1
5,662854103E2;3,371875000E1
5,663854103E2;3,377343750E1
5,664854103E2;3,377734375E1
5,665854103E2;3,378906250E1
5,666854103E2;3,375000000E1
5,667854103E2;3,377734375E1
5,668854103E2;3,379296875E1
5,669854103E2;3,376171875E1
5,670854103E2;3,375781250E1
5,671854103E2;3,376953125E1
5,672854103E2;3,376953125E1
5,673854103E2;3,379296875E1
5,674854103E2;3,379296875E1
5,675854103E2;3,377734375E1
5,676854103E2;3,375000000E1
5,677854103E2;3,379296875E1
5,678854103E2;3,381250000E1
5,679854103E2;3,377734375E1
5,680854103E2;3,374218750E1
5,681854103E2;3,372265625E1
5,682854103E2;3,375781250E1
5,683854103E2;3,371093750E1
5,684854103E2;3,382421875E1
5,685854103E2;3,376953125E1
5,686854103E2;3,378906250E1
5,687854103E2;3,378515625E1
5,688854103E2;3,378515625E1
5,689854103E2;3,376171875E1
5,690854103E2;3,378515625E1
5,691854103E2;3,376562500E1
5,692854103E2;3,375781250E1
5,693854103E2;3,376562500E1
5,694854103E2;3,375781250E1
5,695854103E2;3,376562500E1
5,696854103E2;3,375781250E1
5,697854103E2;3,377343750E1
5,698854103E2;3,378906250E1
5,699854103E2;3,376562500E1
5,700854103E2;3,382031250E1
5,701854103E2;3,378906250E1
5,702854103E2;3,375000000E1
5,703854103E2;3,376562500E1
5,704854103E2;3,377343750E1
5,705854103E2;3,381250000E1
5,706854103E2;3,378515625E1
5,707854103E2;3,374609375E1
5,708854103E2;3,377734375E1
5,709854103E2;3,380468750E1
5,710854103E2;3,374609375E1
5,711854103E2;3,382031250E1
5,712854103E2;3,377343750E1
5,713854103E2;3,374218750E1
5,714854103E2;3,375781250E1
5,715854103E2;3,375000000E1
5,716854103E2;3,374609375E1
5,717854103E2;3,375390625E1
5,718854103E2;3,380078125E1
5,719854103E2;3,375000000E1
5,720854103E2;3,373437500E1
5,721854103E2;3,375000000E1
5,722854103E2;3,373828125E1
5,723854103E2;3,377343750E1
5,724854103E2;3,385156250E1
5,725854103E2;3,375781250E1
5,726854103E2;3,376171875E1
5,727854103E2;3,377343750E1
5,728854103E2;3,376171875E1
5,729854103E2;3,381640625E1
5,730854103E2;3,376171875E1
5,731854103E2;3,375781250E1
5,732854103E2;3,384375000E1
5,733854103E2;3,375000000E1
5,734854103E2;3,375390625E1
5,735854103E2;3,379296875E1
5,736854103E2;3,376171875E1
5,737854103E2;3,382031250E1
5,738854103E2;3,379296875E1
5,739854103E2;3,382812500E1
5,740854103E2;3,375781250E1
5,741854103E2;3,381250000E1
5,742854103E2;3,376562500E1
5,743854103E2;3,382031250E1
5,744854103E2;3,380468750E1
5,745854103E2;3,382031250E1
5,746854103E2;3,376171875E1
5,747854103E2;3,378515625E1
5,748854103E2;3,381250000E1
5,749854103E2;3,372656250E1
5,750854103E2;3,380468750E1
5,751854103E2;3,377734375E1
5,752854103E2;3,381250000E1
5,753854103E2;3,379296875E1
5,754854103E2;3,379296875E1
5,755854103E2;3,380468750E1
5,756854103E2;3,382812500E1
5,757854103E2;3,378515625E1
5,758854103E2;3,380468750E1
5,759854103E2;3,376171875E1
5,760854103E2;3,378515625E1
5,761854103E2;3,376171875E1
5,762854103E2;3,374218750E1
5,763854103E2;3,376171875E1
5,764854103E2;3,375781250E1
5,765854103E2;3,380468750E1
5,766854103E2;3,378515625E1
5,767854103E2;3,383593750E1
5,768854103E2;3,379296875E1
5,769854103E2;3,382031250E1
5,770854103E2;3,385937500E1
5,771854103E2;3,381640625E1
5,772854103E2;3,384765625E1
5,773854103E2;3,377734375E1
5,774854103E2;3,379296875E1
5,775854103E2;3,382031250E1
5,776854103E2;3,379296875E1
5,777854103E2;3,379296875E1
5,778854103E2;3,380468750E1
5,779854103E2;3,378515625E1
5,780854103E2;3,376953125E1
5,781854103E2;3,376953125E1
5,782854103E2;3,378515625E1
5,783854103E2;3,382031250E1
5,784854103E2;3,380468750E1
5,785854103E2;3,381250000E1
5,786854103E2;3,381250000E1
5,787854103E2;3,381250000E1
5,788854103E2;3,379296875E1
5,789854103E2;3,381250000E1
5,790854103E2;3,376953125E1
5,791854103E2;3,381250000E1
5,792854103E2;3,381250000E1
5,793854103E2;3,379296875E1
5,794854103E2;3,378515625E1
5,795854103E2;3,381250000E1
5,796854103E2;3,382031250E1
5,797854103E2;3,381250000E1
5,798854103E2;3,384375000E1
5,799854103E2;3,383593750E1
5,800854103E2;3,373437500E1
5,801854103E2;3,382031250E1
5,802854103E2;3,382812500E1
5,803854103E2;3,379296875E1
5,804854103E2;3,383593750E1
5,805854103E2;3,382031250E1
5,806854103E2;3,383593750E1
5,807854103E2;3,382031250E1
5,808854103E2;3,380468750E1
5,809854103E2;3,381250000E1
5,810854103E2;3,378515625E1
5,811854103E2;3,382031250E1
5,812854103E2;3,385156250E1
5,813854103E2;3,379296875E1
5,814854103E2;3,381250000E1
5,815854103E2;3,382031250E1
5,816854103E2;3,380468750E1
5,817854103E2;3,380468750E1
5,818854103E2;3,382812500E1
5,819854103E2;3,379296875E1
5,820854103E2;3,378515625E1
5,821854103E2;3,382812500E1
5,822854103E2;3,385937500E1
5,823854103E2;3,385937500E1
5,824854103E2;3,387109375E1
5,825854103E2;3,388281250E1
5,826854103E2;3,385156250E1
5,827854103E2;3,387890625E1
5,828854103E2;3,385156250E1
5,829854103E2;3,384765625E1
5,830854103E2;3,381250000E1
5,831854103E2;3,376953125E1
5,832854103E2;3,387109375E1
5,833854103E2;3,388671875E1
5,834854103E2;3,384375000E1
5,835854103E2;3,383593750E1
5,836854103E2;3,382812500E1
5,837854103E2;3,388671875E1
5,838854103E2;3,384375000E1
5,839854103E2;3,385937500E1
5,840854103E2;3,385937500E1
5,841854103E2;3,382812500E1
5,842854103E2;3,385937500E1
5,843854103E2;3,390625000E1
5,844854103E2;3,389062500E1
5,845854103E2;3,387109375E1
5,846854103E2;3,383593750E1
5,847854103E2;3,385937500E1
5,848854103E2;3,389062500E1
5,849854103E2;3,386718750E1
5,850854103E2;3,384375000E1
5,851854103E2;3,385937500E1
5,852854103E2;3,387890625E1
5,853854103E2;3,382031250E1
5,854854103E2;3,383593750E1
5,855854103E2;3,387109375E1
5,856854103E2;3,389843750E1
5,857854103E2;3,389453125E1
5,858854103E2;3,391406250E1
5,859854103E2;3,387109375E1
5,860854103E2;3,389843750E1
5,861854103E2;3,387890625E1
5,862854103E2;3,382812500E1
5,863854103E2;3,385937500E1
5,864854103E2;3,391406250E1
5,865854103E2;3,389062500E1
5,866854103E2;3,389453125E1
5,867854103E2;3,387890625E1
5,868854103E2;3,389062500E1
5,869854103E2;3,387109375E1
5,870854103E2;3,388671875E1
5,871854103E2;3,385546875E1
5,872854103E2;3,391796875E1
5,873854103E2;3,389843750E1
5,874854103E2;3,384765625E1
5,875854103E2;3,386718750E1
5,876854103E2;3,388671875E1
5,877854103E2;3,389062500E1
5,878854103E2;3,388671875E1
5,879854103E2;3,387890625E1
5,880854103E2;3,388281250E1
5,881854103E2;3,389062500E1
5,882854103E2;3,387890625E1
5,883854103E2;3,388671875E1
5,884854103E2;3,387109375E1
5,885854103E2;3,389843750E1
5,886854103E2;3,390234375E1
5,887854103E2;3,394531250E1
5,888854103E2;3,388281250E1
5,889854103E2;3,390234375E1
5,890854103E2;3,388671875E1
5,891854103E2;3,390625000E1
5,892854103E2;3,389062500E1
5,893854103E2;3,388671875E1
5,894854103E2;3,388671875E1
5,895854103E2;3,387109375E1
5,896854103E2;3,389062500E1
5,897854103E2;3,389843750E1
5,898854103E2;3,385546875E1
5,899854103E2;3,387500000E1
5,900854103E2;3,388671875E1
5,901854103E2;3,389843750E1
5,902854103E2;3,391015625E1
5,903854103E2;3,390234375E1
5,904854103E2;3,394531250E1
5,905854103E2;3,390234375E1
5,906854103E2;3,386718750E1
5,907854103E2;3,392578125E1
5,908854103E2;3,388281250E1
5,909854103E2;3,392578125E1
5,910854103E2;3,390234375E1
5,911854103E2;3,391796875E1
5,912854103E2;3,390234375E1
5,913854103E2;3,391015625E1
5,914854103E2;3,391015625E1
5,915854103E2;3,392187500E1
5,916854103E2;3,391015625E1
5,917854103E2;3,388281250E1
5,918854103E2;3,389843750E1
5,919854103E2;3,390234375E1
5,920854103E2;3,392578125E1
5,921854103E2;3,393750000E1
5,922854103E2;3,391015625E1
5,923854103E2;3,388671875E1
5,924854103E2;3,388671875E1
5,925854103E2;3,391796875E1
5,926854103E2;3,391015625E1
5,927854103E2;3,391015625E1
5,928854103E2;3,392578125E1
5,929854103E2;3,389453125E1
5,930854103E2;3,391406250E1
5,931854103E2;3,391015625E1
5,932854103E2;3,389453125E1
5,933854103E2;3,392578125E1
5,934854103E2;3,395312500E1
5,935854103E2;3,391015625E1
5,936854103E2;3,390234375E1
5,937854103E2;3,388281250E1
5,938854103E2;3,391015625E1
5,939854103E2;3,389453125E1
5,940854103E2;3,394531250E1
5,941854103E2;3,391796875E1
5,942854103E2;3,392578125E1
5,943854103E2;3,393750000E1
5,944854103E2;3,392187500E1
5,945854103E2;3,393750000E1
5,946854103E2;3,397656250E1
5,947854103E2;3,392578125E1
5,948854103E2;3,391015625E1
5,949854103E2;3,391015625E1
5,950854103E2;3,396875000E1
5,951854103E2;3,388281250E1
5,952854103E2;3,391796875E1
5,953854103E2;3,390234375E1
5,954854103E2;3,393750000E1
5,955854103E2;3,393750000E1
5,956854103E2;3,389453125E1
5,957854103E2;3,394531250E1
5,958854103E2;3,391796875E1
5,959854103E2;3,392578125E1
5,960854103E2;3,391796875E1
5,961854103E2;3,395312500E1
5,962854103E2;3,396093750E1
5,963854103E2;3,395312500E1
5,964854103E2;3,391796875E1
5,965854103E2;3,395312500E1
5,966854103E2;3,394531250E1
5,967854103E2;3,393750000E1
5,968854103E2;3,392578125E1
5,969854103E2;3,396093750E1
5,970854103E2;3,393750000E1
5,971854103E2;3,394531250E1
5,972854103E2;3,397656250E1
5,973854103E2;3,392578125E1
5,974854103E2;3,397656250E1
5,975854103E2;3,397656250E1
5,976854103E2;3,394531250E1
5,977854103E2;3,396093750E1
5,978854103E2;3,398437500E1
5,979854103E2;3,392578125E1
5,980854103E2;3,394531250E1
5,981854103E2;3,396875000E1
5,982854103E2;3,398437500E1
5,983854103E2;3,395312500E1
5,984854103E2;3,399218750E1
5,985854103E2;3,395312500E1
5,986854103E2;3,396093750E1
5,987854103E2;3,396093750E1
5,988854103E2;3,396875000E1
5,989854103E2;3,396093750E1
5,990854103E2;3,395703125E1
5,991854103E2;3,397656250E1
5,992854103E2;3,398437500E1
5,993854103E2;3,396093750E1
5,994854103E2;3,395312500E1
5,995854103E2;3,397656250E1
5,996854103E2;3,397656250E1
5,997854103E2;3,394531250E1
5,998854103E2;3,398437500E1
5,999854103E2;3,396093750E1
6,000854103E2;3,395312500E1
6,001854103E2;3,397656250E1
6,002854103E2;3,396093750E1
6,003854103E2;3,401562500E1
6,004854103E2;3,396093750E1
6,005854103E2;3,397656250E1
6,006854103E2;3,394531250E1
6,007854103E2;3,400390625E1
6,008854103E2;3,398437500E1
6,009854103E2;3,402343750E1
6,010854103E2;3,397265625E1
6,011854103E2;3,399218750E1
6,012854103E2;3,395312500E1
6,013854103E2;3,401171875E1
6,014854103E2;3,398437500E1
6,015854103E2;3,400000000E1
6,016854103E2;3,401171875E1
6,017854103E2;3,396875000E1
6,018854103E2;3,403125000E1
6,019854103E2;3,405468750E1
6,020854103E2;3,397656250E1
6,021854103E2;3,403125000E1
6,022854103E2;3,401171875E1
6,023854103E2;3,399218750E1
6,024854103E2;3,399218750E1
6,025854103E2;3,403125000E1
6,026854103E2;3,399218750E1
6,027854103E2;3,401562500E1
6,028854103E2;3,397656250E1
6,029854103E2;3,396875000E1
6,030854103E2;3,399218750E1
6,031854103E2;3,401562500E1
6,032854103E2;3,401562500E1
6,033854103E2;3,399218750E1
6,034854103E2;3,400390625E1
6,035854103E2;3,402343750E1
6,036854103E2;3,401562500E1
6,037854103E2;3,399218750E1
6,038854103E2;3,401171875E1
6,039854103E2;3,400390625E1
6,040854103E2;3,400390625E1
6,041854103E2;3,401562500E1
6,042854103E2;3,403125000E1
6,043854103E2;3,397656250E1
6,044854103E2;3,398828125E1
6,045854103E2;3,401562500E1
6,046854103E2;3,397265625E1
6,047854103E2;3,398437500E1
6,048854103E2;3,396875000E1
6,049854103E2;3,400390625E1
6,050854103E2;3,400390625E1
6,051854103E2;3,402734375E1
6,052854103E2;3,397656250E1
6,053854103E2;3,398437500E1
6,054854103E2;3,398437500E1
6,055854103E2;3,399218750E1
6,056854103E2;3,397656250E1
6,057854103E2;3,401171875E1
6,058854103E2;3,397265625E1
6,059854103E2;3,395312500E1
6,060854103E2;3,398437500E1
6,061854103E2;3,396875000E1
6,062854103E2;3,400781250E1
6,063854103E2;3,397656250E1
6,064854103E2;3,402343750E1
6,065854103E2;3,399218750E1
6,066854103E2;3,399218750E1
6,067854103E2;3,398437500E1
6,068854103E2;3,400781250E1
6,069854103E2;3,402343750E1
6,070854103E2;3,398828125E1
6,071854103E2;3,401562500E1
6,072854103E2;3,402734375E1
6,073854103E2;3,400781250E1
6,074854103E2;3,405078125E1
6,075854103E2;3,401953125E1
6,076854103E2;3,402734375E1
6,077854103E2;3,398437500E1
6,078854103E2;3,401562500E1
6,079854103E2;3,405859375E1
6,080854103E2;3,398828125E1
6,081854103E2;3,407812500E1
6,082854103E2;3,401953125E1
6,083854103E2;3,407812500E1
6,084854103E2;3,403125000E1
6,085854103E2;3,405078125E1
6,086854103E2;3,410546875E1
6,087854103E2;3,404296875E1
6,088854103E2;3,410156250E1
6,089854103E2;3,403515625E1
6,090854103E2;3,404296875E1
6,091854103E2;3,405859375E1
6,092854103E2;3,404296875E1
6,093854103E2;3,409375000E1
6,094854103E2;3,405078125E1
6,095854103E2;3,405859375E1
6,096854103E2;3,405859375E1
6,097854103E2;3,405859375E1
6,098854103E2;3,402734375E1
6,099854103E2;3,408593750E1
6,100854103E2;3,407812500E1
6,101854103E2;3,405859375E1
6,102854103E2;3,409375000E1
6,103854103E2;3,407031250E1
6,104854103E2;3,407031250E1
6,105854103E2;3,408593750E1
6,106854103E2;3,412500000E1
6,107854103E2;3,410937500E1
6,108854103E2;3,410156250E1
6,109854103E2;3,414843750E1
6,110854103E2;3,407031250E1
6,111854103E2;3,410156250E1
6,112854103E2;3,409375000E1
6,113854103E2;3,408593750E1
6,114854103E2;3,411718750E1
6,115854103E2;3,408593750E1
6,116854103E2;3,408593750E1
6,117854103E2;3,409375000E1
6,118854103E2;3,412500000E1
6,119854103E2;3,410937500E1
6,120854103E2;3,411718750E1
6,121854103E2;3,411718750E1
6,122854103E2;3,416015625E1
6,123854103E2;3,413671875E1
6,124854103E2;3,412500000E1
6,125854103E2;3,414062500E1
6,126854103E2;3,410937500E1
6,127854103E2;3,414453125E1
6,128854103E2;3,412109375E1
6,129854103E2;3,410156250E1
6,130854103E2;3,413671875E1
6,131854103E2;3,411328125E1
6,132854103E2;3,413671875E1
6,133854103E2;3,414843750E1
6,134854103E2;3,415234375E1
6,135854103E2;3,408203125E1
6,136854103E2;3,416406250E1
6,137854103E2;3,416796875E1
6,138854103E2;3,416796875E1
6,139854103E2;3,412109375E1
6,140854103E2;3,419140625E1
6,141854103E2;3,418359375E1
6,142854103E2;3,414453125E1
6,143854103E2;3,417968750E1
6,144854103E2;3,414453125E1
6,145854103E2;3,410546875E1
6,146854103E2;3,415234375E1
6,147854103E2;3,417578125E1
6,148854103E2;3,414843750E1
6,149854103E2;3,418359375E1
6,150854103E2;3,416796875E1
6,151854103E2;3,414062500E1
6,152854103E2;3,419140625E1
6,153854103E2;3,414453125E1
6,154854103E2;3,414843750E1
6,155854103E2;3,417968750E1
6,156854103E2;3,414453125E1
6,157854103E2;3,415234375E1
6,158854103E2;3,416015625E1
6,159854103E2;3,414062500E1
6,160854103E2;3,416406250E1
6,161854103E2;3,414062500E1
6,162854103E2;3,417187500E1
6,163854103E2;3,411328125E1
6,164854103E2;3,419921875E1
6,165854103E2;3,421484375E1
6,166854103E2;3,416406250E1
6,167854103E2;3,417187500E1
6,168854103E2;3,417187500E1
6,169854103E2;3,414843750E1
6,170854103E2;3,414843750E1
6,171854103E2;3,409375000E1
6,172854103E2;3,412500000E1
6,173854103E2;3,414062500E1
6,174854103E2;3,412109375E1
6,175854103E2;3,410546875E1
6,176854103E2;3,417187500E1
6,177854103E2;3,410156250E1
6,178854103E2;3,409375000E1
6,179854103E2;3,412500000E1
6,180854103E2;3,410156250E1
6,181854103E2;3,410156250E1
6,182854103E2;3,412500000E1
6,183854103E2;3,411718750E1
6,184854103E2;3,414453125E1
6,185854103E2;3,409375000E1
6,186854103E2;3,413671875E1
6,187854103E2;3,413281250E1
6,188854103E2;3,410546875E1
6,189854103E2;3,414453125E1
6,190854103E2;3,410156250E1
6,191854103E2;3,410937500E1
6,192854103E2;3,410937500E1
6,193854103E2;3,413671875E1
6,194854103E2;3,414843750E1
6,195854103E2;3,412109375E1
6,196854103E2;3,411718750E1
6,197854103E2;3,408203125E1
6,198854103E2;3,412500000E1
6,199854103E2;3,412500000E1
6,200854103E2;3,411718750E1
6,201854103E2;3,412500000E1
6,202854103E2;3,413671875E1
6,203854103E2;3,410156250E1
6,204854103E2;3,413671875E1
6,205854103E2;3,413281250E1
6,206854103E2;3,405859375E1
6,207854103E2;3,405078125E1
6,208854103E2;3,412500000E1
6,209854103E2;3,401953125E1
6,210854103E2;3,410156250E1
6,211854103E2;3,407031250E1
6,212854103E2;3,404296875E1
6,213854103E2;3,409375000E1
6,214854103E2;3,411718750E1
6,215854103E2;3,408593750E1
6,216854103E2;3,409375000E1
6,217854103E2;3,405859375E1
6,218854103E2;3,407812500E1
6,219854103E2;3,409375000E1
6,220854103E2;3,405078125E1
6,221854103E2;3,411718750E1
6,222854103E2;3,411718750E1
6,223854103E2;3,410156250E1
6,224854103E2;3,408593750E1
6,225854103E2;3,409375000E1
6,226854103E2;3,405859375E1
6,227854103E2;3,404296875E1
6,228854103E2;3,401953125E1
6,229854103E2;3,402734375E1
6,230854103E2;3,401953125E1
6,231854103E2;3,404296875E1
6,232854103E2;3,401562500E1
6,233854103E2;3,403906250E1
6,234854103E2;3,402734375E1
6,235854103E2;3,404296875E1
6,236854103E2;3,403906250E1
6,237854103E2;3,405078125E1
6,238854103E2;3,403515625E1
6,239854103E2;3,402343750E1
6,240854103E2;3,401562500E1
6,241854103E2;3,402734375E1
6,242854103E2;3,400000000E1
6,243854103E2;3,400781250E1
6,244854103E2;3,402734375E1
6,245854103E2;3,402734375E1
6,246854103E2;3,405078125E1
6,247854103E2;3,404687500E1
6,248854103E2;3,400390625E1
6,249854103E2;3,402734375E1
6,250854103E2;3,400781250E1
6,251854103E2;3,403906250E1
6,252854103E2;3,402734375E1
6,253854103E2;3,401953125E1
6,254854103E2;3,401171875E1
6,255854103E2;3,404296875E1
6,256854103E2;3,402734375E1
6,257854103E2;3,401953125E1
6,258854103E2;3,401562500E1
6,259854103E2;3,396484375E1
6,260854103E2;3,401953125E1
6,261854103E2;3,405078125E1
6,262854103E2;3,405078125E1
6,263854103E2;3,401953125E1
6,264854103E2;3,405078125E1
6,265854103E2;3,408593750E1
6,266854103E2;3,402343750E1
6,267854103E2;3,402343750E1
6,268854103E2;3,404296875E1
6,269854103E2;3,398828125E1
6,270854103E2;3,404296875E1
6,271854103E2;3,401171875E1
6,272854103E2;3,407812500E1
6,273854103E2;3,401953125E1
6,274854103E2;3,402734375E1
6,275854103E2;3,405468750E1
6,276854103E2;3,401562500E1
6,277854103E2;3,402343750E1
6,278854103E2;3,404296875E1
6,279854103E2;3,407031250E1
6,280854103E2;3,404296875E1
6,281854103E2;3,403906250E1
6,282854103E2;3,401562500E1
6,283854103E2;3,404296875E1
6,284854103E2;3,405078125E1
6,285854103E2;3,400781250E1
6,286854103E2;3,407812500E1
6,287854103E2;3,403515625E1
6,288854103E2;3,405078125E1
6,289854103E2;3,400781250E1
6,290854103E2;3,403515625E1
6,291854103E2;3,409375000E1
6,292854103E2;3,404296875E1
6,293854103E2;3,401562500E1
6,294854103E2;3,402734375E1
6,295854103E2;3,401562500E1
6,296854103E2;3,401562500E1
6,297854103E2;3,401953125E1
6,298854103E2;3,402734375E1
6,299854103E2;3,395312500E1
6,300854103E2;3,400781250E1
6,301854103E2;3,402734375E1
6,302854103E2;3,403125000E1
6,303854103E2;3,401953125E1
6,304854103E2;3,396093750E1
6,305854103E2;3,404687500E1
6,306854103E2;3,398828125E1
6,307854103E2;3,402734375E1
6,308854103E2;3,398828125E1
6,309854103E2;3,403515625E1
6,310854103E2;3,397656250E1
6,311854103E2;3,393750000E1
6,312854103E2;3,403125000E1
6,313854103E2;3,401562500E1
6,314854103E2;3,400781250E1
6,315854103E2;3,398437500E1
6,316854103E2;3,398828125E1
6,317854103E2;3,396875000E1
6,318854103E2;3,398437500E1
6,319854103E2;3,396093750E1
6,320854103E2;3,395312500E1
6,321854103E2;3,396093750E1
6,322854103E2;3,398437500E1
6,323854103E2;3,395312500E1
6,324854103E2;3,396093750E1
6,325854103E2;3,398437500E1
6,326854103E2;3,396093750E1
6,327854103E2;3,392578125E1
6,328854103E2;3,396875000E1
6,329854103E2;3,395703125E1
6,330854103E2;3,399218750E1
6,331854103E2;3,395312500E1
6,332854103E2;3,394531250E1
6,333854103E2;3,395312500E1
6,334854103E2;3,397656250E1
6,335854103E2;3,398437500E1
6,336854103E2;3,400390625E1
6,337854103E2;3,396875000E1
6,338854103E2;3,398437500E1
6,339854103E2;3,395312500E1
6,340854103E2;3,398437500E1
6,341854103E2;3,392578125E1
6,342854103E2;3,390234375E1
6,343854103E2;3,393750000E1
6,344854103E2;3,391015625E1
6,345854103E2;3,389453125E1
6,346854103E2;3,389062500E1
6,347854103E2;3,389453125E1
6,348854103E2;3,391015625E1
6,349854103E2;3,396093750E1
6,350854103E2;3,390234375E1
6,351854103E2;3,389453125E1
6,352854103E2;3,391015625E1
6,353854103E2;3,388671875E1
6,354854103E2;3,383203125E1
6,355854103E2;3,389453125E1
6,356854103E2;3,390234375E1
6,357854103E2;3,386718750E1
6,358854103E2;3,388671875E1
6,359854103E2;3,389453125E1
6,360854103E2;3,384375000E1
6,361854103E2;3,387109375E1
6,362854103E2;3,388671875E1
6,363854103E2;3,387109375E1
6,364854103E2;3,388671875E1
6,365854103E2;3,389843750E1
6,366854103E2;3,388671875E1
6,367854103E2;3,388671875E1
6,368854103E2;3,388281250E1
6,369854103E2;3,388671875E1
6,370854103E2;3,387890625E1
6,371854103E2;3,387109375E1
6,372854103E2;3,390625000E1
6,373854103E2;3,381250000E1
6,374854103E2;3,384375000E1
6,375854103E2;3,386718750E1
6,376854103E2;3,388671875E1
6,377854103E2;3,389062500E1
6,378854103E2;3,388671875E1
6,379854103E2;3,389062500E1
6,380854103E2;3,388281250E1
6,381854103E2;3,388671875E1
6,382854103E2;3,390234375E1
6,383854103E2;3,383593750E1
6,384854103E2;3,389843750E1
6,385854103E2;3,385937500E1
6,386854103E2;3,388671875E1
6,387854103E2;3,386718750E1
6,388854103E2;3,389843750E1
6,389854103E2;3,385937500E1
6,390854103E2;3,386718750E1
6,391854103E2;3,390234375E1
6,392854103E2;3,388281250E1
6,393854103E2;3,387109375E1
6,394854103E2;3,388281250E1
6,395854103E2;3,385937500E1
6,396854103E2;3,384375000E1
6,397854103E2;3,382812500E1
6,398854103E2;3,382812500E1
6,399854103E2;3,382812500E1
6,400854103E2;3,384375000E1
6,401854103E2;3,385156250E1
6,402854103E2;3,389062500E1
6,403854103E2;3,385937500E1
6,404854103E2;3,383593750E1
6,405854103E2;3,382031250E1
6,406854103E2;3,378515625E1
6,407854103E2;3,382812500E1
6,408854103E2;3,385156250E1
6,409854103E2;3,380468750E1
6,410854103E2;3,382812500E1
6,411854103E2;3,380468750E1
6,412854103E2;3,379296875E1
6,413854103E2;3,382031250E1
6,414854103E2;3,378515625E1
6,415854103E2;3,381250000E1
6,416854103E2;3,381250000E1
6,417854103E2;3,381250000E1
6,418854103E2;3,374218750E1
6,419854103E2;3,378515625E1
6,420854103E2;3,382812500E1
6,421854103E2;3,384375000E1
6,422854103E2;3,380468750E1
6,423854103E2;3,379296875E1
6,424854103E2;3,384375000E1
6,425854103E2;3,383593750E1
6,426854103E2;3,379296875E1
6,427854103E2;3,378515625E1
6,428854103E2;3,385156250E1
6,429854103E2;3,376953125E1
6,430854103E2;3,382812500E1
6,431854103E2;3,382812500E1
6,432854103E2;3,382031250E1
6,433854103E2;3,385156250E1
6,434854103E2;3,381250000E1
6,435854103E2;3,385937500E1
6,436854103E2;3,381250000E1
6,437854103E2;3,377734375E1
6,438854103E2;3,383593750E1
6,439854103E2;3,381250000E1
6,440854103E2;3,385156250E1
6,441854103E2;3,381250000E1
6,442854103E2;3,382812500E1
6,443854103E2;3,376953125E1
6,444854103E2;3,382031250E1
6,445854103E2;3,379296875E1
6,446854103E2;3,381250000E1
6,447854103E2;3,382812500E1
6,448854103E2;3,387890625E1
6,449854103E2;3,385156250E1
6,450854103E2;3,376953125E1
6,451854103E2;3,376953125E1
6,452854103E2;3,378515625E1
6,453854103E2;3,382031250E1
6,454854103E2;3,380468750E1
6,455854103E2;3,381250000E1
6,456854103E2;3,383593750E1
6,457854103E2;3,380468750E1
6,458854103E2;3,384375000E1
6,459854103E2;3,383593750E1
6,460854103E2;3,383593750E1
6,461854103E2;3,380468750E1
6,462854103E2;3,376953125E1
6,463854103E2;3,379296875E1
6,464854103E2;3,382812500E1
6,465854103E2;3,387109375E1
6,466854103E2;3,384375000E1
6,467854103E2;3,384375000E1
6,468854103E2;3,385156250E1
6,469854103E2;3,381250000E1
6,470854103E2;3,379296875E1
6,471854103E2;3,377734375E1
6,472854103E2;3,382812500E1
6,473854103E2;3,382812500E1
6,474854103E2;3,382031250E1
6,475854103E2;3,379296875E1
6,476854103E2;3,382031250E1
6,477854103E2;3,387109375E1
6,478854103E2;3,383593750E1
6,479854103E2;3,379296875E1
6,480854103E2;3,381250000E1
6,481854103E2;3,385156250E1
6,482854103E2;3,387109375E1
6,483854103E2;3,384375000E1
6,484854103E2;3,383593750E1
6,485854103E2;3,380078125E1
6,486854103E2;3,376171875E1
6,487854103E2;3,381250000E1
6,488854103E2;3,380468750E1
6,489854103E2;3,379296875E1
6,490854103E2;3,382812500E1
6,491854103E2;3,381250000E1
6,492854103E2;3,375000000E1
6,493854103E2;3,376953125E1
6,494854103E2;3,382812500E1
6,495854103E2;3,379296875E1
6,496854103E2;3,375000000E1
6,497854103E2;3,385937500E1
6,498854103E2;3,375781250E1
6,499854103E2;3,377734375E1
6,500854103E2;3,375781250E1
6,501854103E2;3,375781250E1
6,502854103E2;3,378125000E1
6,503854103E2;3,373437500E1
6,504854103E2;3,375781250E1
6,505854103E2;3,375000000E1
6,506854103E2;3,375781250E1
6,507854103E2;3,374218750E1
6,508854103E2;3,377734375E1
6,509854103E2;3,375781250E1
6,510854103E2;3,379296875E1
6,511854103E2;3,376562500E1
6,512854103E2;3,371875000E1
6,513854103E2;3,372656250E1
6,514854103E2;3,380078125E1
6,515854103E2;3,372656250E1
6,516854103E2;3,375390625E1
6,517854103E2;3,376953125E1
6,518854103E2;3,375390625E1
6,519854103E2;3,375390625E1
6,520854103E2;3,370312500E1
6,521854103E2;3,371875000E1
6,522854103E2;3,371875000E1
6,523854103E2;3,375390625E1
6,524854103E2;3,375390625E1
6,525854103E2;3,375390625E1
6,526854103E2;3,371093750E1
6,527854103E2;3,371875000E1
6,528854103E2;3,372656250E1
6,529854103E2;3,371093750E1
6,530854103E2;3,372656250E1
6,531854103E2;3,371875000E1
6,532854103E2;3,372656250E1
6,533854103E2;3,374609375E1
6,534854103E2;3,374609375E1
6,535854103E2;3,367968750E1
6,536854103E2;3,367968750E1
6,537854103E2;3,367968750E1
6,538854103E2;3,371093750E1
6,539854103E2;3,367187500E1
6,540854103E2;3,371875000E1
6,541854103E2;3,367187500E1
6,542854103E2;3,368750000E1
6,543854103E2;3,371093750E1
6,544854103E2;3,368750000E1
6,545854103E2;3,364453125E1
6,546854103E2;3,367968750E1
6,547854103E2;3,368750000E1
6,548854103E2;3,367187500E1
6,549854103E2;3,367187500E1
6,550854103E2;3,367968750E1
6,551854103E2;3,366015625E1
6,552854103E2;3,366015625E1
6,553854103E2;3,365234375E1
6,554854103E2;3,366015625E1
6,555854103E2;3,364453125E1
6,556854103E2;3,362500000E1
6,557854103E2;3,364062500E1
6,558854103E2;3,366015625E1
6,559854103E2;3,365625000E1
6,560854103E2;3,368750000E1
6,561854103E2;3,363671875E1
6,562854103E2;3,368359375E1
6,563854103E2;3,362890625E1
6,564854103E2;3,363671875E1
6,565854103E2;3,361328125E1
6,566854103E2;3,362890625E1
6,567854103E2;3,362890625E1
6,568854103E2;3,363281250E1
6,569854103E2;3,357812500E1
6,570854103E2;3,359375000E1
6,571854103E2;3,361328125E1
6,572854103E2;3,362500000E1
6,573854103E2;3,363671875E1
6,574854103E2;3,362500000E1
6,575854103E2;3,365234375E1
6,576854103E2;3,362500000E1
6,577854103E2;3,362109375E1
6,578854103E2;3,354687500E1
6,579854103E2;3,357031250E1
6,580854103E2;3,356250000E1
6,581854103E2;3,352734375E1
6,582854103E2;3,354687500E1
6,583854103E2;3,358593750E1
6,584854103E2;3,355468750E1
6,585854103E2;3,356250000E1
6,586854103E2;3,355468750E1
6,587854103E2;3,351171875E1
6,588854103E2;3,353906250E1
6,589854103E2;3,350781250E1
6,590854103E2;3,345703125E1
6,591854103E2;3,350390625E1
6,592854103E2;3,351562500E1
6,593854103E2;3,344921875E1
6,594854103E2;3,349609375E1
6,595854103E2;3,350000000E1
6,596854103E2;3,345703125E1
6,597854103E2;3,346093750E1
6,598854103E2;3,344531250E1
6,599854103E2;3,346093750E1
6,600854103E2;3,346093750E1
6,601854103E2;3,344531250E1
6,602854103E2;3,345312500E1
6,603854103E2;3,342968750E1
6,604854103E2;3,345312500E1
6,605854103E2;3,348046875E1
6,606854103E2;3,344531250E1
6,607854103E2;3,348046875E1
6,608854103E2;3,349609375E1
6,609854103E2;3,344531250E1
6,610854103E2;3,344531250E1
6,611854103E2;3,349609375E1
6,612854103E2;3,346093750E1
6,613854103E2;3,343750000E1
6,614854103E2;3,346093750E1
6,615854103E2;3,346093750E1
6,616854103E2;3,346093750E1
6,617854103E2;3,347265625E1
6,618854103E2;3,348046875E1
6,619854103E2;3,342968750E1
6,620854103E2;3,343750000E1
6,621854103E2;3,344531250E1
6,622854103E2;3,339453125E1
6,623854103E2;3,342187500E1
6,624854103E2;3,345312500E1
6,625854103E2;3,343750000E1
6,626854103E2;3,341406250E1
6,627854103E2;3,340625000E1
6,628854103E2;3,342187500E1
6,629854103E2;3,345312500E1
6,630854103E2;3,342968750E1
6,631854103E2;3,342187500E1
6,632854103E2;3,341406250E1
6,633854103E2;3,338671875E1
6,634854103E2;3,338671875E1
6,635854103E2;3,337890625E1
6,636854103E2;3,337109375E1
6,637854103E2;3,339453125E1
6,638854103E2;3,340625000E1
6,639854103E2;3,334765625E1
6,640854103E2;3,339062500E1
6,641854103E2;3,338671875E1
6,642854103E2;3,334375000E1
6,643854103E2;3,339453125E1
6,644854103E2;3,339062500E1
6,645854103E2;3,335937500E1
6,646854103E2;3,338671875E1
6,647854103E2;3,336718750E1
6,648854103E2;3,337890625E1
6,649854103E2;3,337109375E1
6,650854103E2;3,337890625E1
6,651854103E2;3,337500000E1
6,652854103E2;3,337109375E1
6,653854103E2;3,337109375E1
6,654854103E2;3,336718750E1
6,655854103E2;3,335546875E1
6,656854103E2;3,333984375E1
6,657854103E2;3,337500000E1
6,658854103E2;3,330468750E1
6,659854103E2;3,336328125E1
6,660854103E2;3,336328125E1
6,661854103E2;3,331250000E1
6,662854103E2;3,336328125E1
6,663854103E2;3,333984375E1
6,664854103E2;3,330468750E1
6,665854103E2;3,328125000E1
6,666854103E2;3,329687500E1
6,667854103E2;3,332031250E1
6,668854103E2;3,332031250E1
6,669854103E2;3,332812500E1
6,670854103E2;3,328906250E1
6,671854103E2;3,334765625E1
6,672854103E2;3,331250000E1
6,673854103E2;3,328125000E1
6,674854103E2;3,324218750E1
6,675854103E2;3,328906250E1
6,676854103E2;3,332031250E1
6,677854103E2;3,330468750E1
6,678854103E2;3,328906250E1
6,679854103E2;3,329687500E1
6,680854103E2;3,325390625E1
6,681854103E2;3,329687500E1
6,682854103E2;3,325390625E1
6,683854103E2;3,328906250E1
6,684854103E2;3,328125000E1
6,685854103E2;3,326953125E1
6,686854103E2;3,321875000E1
6,687854103E2;3,326953125E1
6,688854103E2;3,327343750E1
6,689854103E2;3,324609375E1
6,690854103E2;3,322656250E1
6,691854103E2;3,325390625E1
6,692854103E2;3,322656250E1
6,693854103E2;3,326171875E1
6,694854103E2;3,326953125E1
6,695854103E2;3,332031250E1
6,696854103E2;3,323437500E1
6,697854103E2;3,328125000E1
6,698854103E2;3,322656250E1
6,699854103E2;3,329687500E1
6,700854103E2;3,328125000E1
6,701854103E2;3,328125000E1
6,702854103E2;3,324218750E1
6,703854103E2;3,321875000E1
6,704854103E2;3,324609375E1
6,705854103E2;3,319140625E1
6,706854103E2;3,324609375E1
6,707854103E2;3,327343750E1
6,708854103E2;3,328906250E1
6,709854103E2;3,330468750E1
6,710854103E2;3,328125000E1
6,711854103E2;3,329687500E1
6,712854103E2;3,326953125E1
6,713854103E2;3,324609375E1
6,714854103E2;3,331250000E1
6,715854103E2;3,330468750E1
6,716854103E2;3,324609375E1
6,717854103E2;3,321875000E1
6,718854103E2;3,330468750E1
6,719854103E2;3,326171875E1
6,720854103E2;3,329687500E1
6,721854103E2;3,334765625E1
6,722854103E2;3,327343750E1
6,723854103E2;3,329687500E1
6,724854103E2;3,331250000E1
6,725854103E2;3,329687500E1
6,726854103E2;3,325390625E1
6,727854103E2;3,332812500E1
6,728854103E2;3,329687500E1
6,729854103E2;3,332031250E1
6,730854103E2;3,335546875E1
6,731854103E2;3,329687500E1
6,732854103E2;3,327343750E1
6,733854103E2;3,332812500E1
6,734854103E2;3,331250000E1
6,735854103E2;3,332031250E1
6,736854103E2;3,331250000E1
6,737854103E2;3,332812500E1
6,738854103E2;3,332031250E1
6,739854103E2;3,331250000E1
6,740854103E2;3,337109375E1
6,741854103E2;3,329687500E1
6,742854103E2;3,332031250E1
6,743854103E2;3,337109375E1
6,744854103E2;3,333984375E1
6,745854103E2;3,333984375E1
6,746854103E2;3,330468750E1
6,747854103E2;3,335546875E1
6,748854103E2;3,331250000E1
6,749854103E2;3,332812500E1
6,750854103E2;3,334765625E1
6,751854103E2;3,331250000E1
6,752854103E2;3,337109375E1
6,753854103E2;3,332031250E1
6,754854103E2;3,335156250E1
6,755854103E2;3,338281250E1
6,756854103E2;3,333984375E1
6,757854103E2;3,334765625E1
6,758854103E2;3,333593750E1
6,759854103E2;3,338281250E1
6,760854103E2;3,331250000E1
6,761854103E2;3,330468750E1
6,762854103E2;3,337109375E1
6,763854103E2;3,335546875E1
6,764854103E2;3,334765625E1
6,765854103E2;3,333984375E1
6,766854103E2;3,333984375E1
6,767854103E2;3,333984375E1
6,768854103E2;3,337109375E1
6,769854103E2;3,330859375E1
6,770854103E2;3,336328125E1
6,771854103E2;3,336328125E1
6,772854103E2;3,331250000E1
6,773854103E2;3,335546875E1
6,774854103E2;3,331250000E1
6,775854103E2;3,335546875E1
6,776854103E2;3,332812500E1
6,777854103E2;3,334765625E1
6,778854103E2;3,332812500E1
6,779854103E2;3,329687500E1
6,780854103E2;3,336328125E1
6,781854103E2;3,333984375E1
6,782854103E2;3,333984375E1
6,783854103E2;3,338281250E1
6,784854103E2;3,337109375E1
6,785854103E2;3,335546875E1
6,786854103E2;3,333984375E1
6,787854103E2;3,330468750E1
6,788854103E2;3,337500000E1
6,789854103E2;3,332812500E1
6,790854103E2;3,335546875E1
6,791854103E2;3,336328125E1
6,792854103E2;3,329687500E1
6,793854103E2;3,332031250E1
6,794854103E2;3,333984375E1
6,795854103E2;3,332812500E1
6,796854103E2;3,332812500E1
6,797854103E2;3,329687500E1
6,798854103E2;3,332031250E1
6,799854103E2;3,331250000E1
6,800854103E2;3,328125000E1
6,801854103E2;3,321875000E1
6,802854103E2;3,329687500E1
6,803854103E2;3,328906250E1
6,804854103E2;3,332031250E1
6,805854103E2;3,329687500E1
6,806854103E2;3,331250000E1
6,807854103E2;3,331250000E1
6,808854103E2;3,335546875E1
6,809854103E2;3,329687500E1
6,810854103E2;3,328125000E1
6,811854103E2;3,333984375E1
6,812854103E2;3,333984375E1
6,813854103E2;3,330468750E1
6,814854103E2;3,329687500E1
6,815854103E2;3,332812500E1
6,816854103E2;3,332031250E1
6,817854103E2;3,322656250E1
6,818854103E2;3,329687500E1
6,819854103E2;3,328125000E1
6,820854103E2;3,324609375E1
6,821854103E2;3,324609375E1
6,822854103E2;3,324609375E1
6,823854103E2;3,324609375E1
6,824854103E2;3,325390625E1
6,825854103E2;3,324218750E1
6,826854103E2;3,323046875E1
6,827854103E2;3,325000000E1
6,828854103E2;3,323046875E1
6,829854103E2;3,322265625E1
6,830854103E2;3,317968750E1
6,831854103E2;3,324218750E1
6,832854103E2;3,319531250E1
6,833854103E2;3,323046875E1
6,834854103E2;3,321484375E1
6,835854103E2;3,326953125E1
6,836854103E2;3,321484375E1
6,837854103E2;3,317187500E1
6,838854103E2;3,319531250E1
6,839854103E2;3,318750000E1
6,840854103E2;3,317968750E1
6,841854103E2;3,316406250E1
6,842854103E2;3,319531250E1
6,843854103E2;3,320703125E1
6,844854103E2;3,318750000E1
6,845854103E2;3,318750000E1
6,846854103E2;3,316406250E1
6,847854103E2;3,318750000E1
6,848854103E2;3,317968750E1
6,849854103E2;3,320703125E1
6,850854103E2;3,315625000E1
6,851854103E2;3,316406250E1
6,852854103E2;3,317968750E1
6,853854103E2;3,315625000E1
6,854854103E2;3,312890625E1
6,855854103E2;3,315625000E1
6,856854103E2;3,317968750E1
6,857854103E2;3,317187500E1
6,858854103E2;3,316406250E1
6,859854103E2;3,317187500E1
6,860854103E2;3,319531250E1
6,861854103E2;3,316406250E1
6,862854103E2;3,319531250E1
6,863854103E2;3,317187500E1
6,864854103E2;3,315625000E1
6,865854103E2;3,318750000E1
6,866854103E2;3,315625000E1
6,867854103E2;3,315625000E1
6,868854103E2;3,320703125E1
6,869854103E2;3,318750000E1
6,870854103E2;3,315625000E1
6,871854103E2;3,316406250E1
6,872854103E2;3,316406250E1
6,873854103E2;3,319531250E1
6,874854103E2;3,316406250E1
6,875854103E2;3,317187500E1
6,876854103E2;3,318750000E1
6,877854103E2;3,318750000E1
6,878854103E2;3,317968750E1
6,879854103E2;3,317187500E1
6,880854103E2;3,319531250E1
6,881854103E2;3,316406250E1
6,882854103E2;3,318750000E1
6,883854103E2;3,317187500E1
6,884854103E2;3,318750000E1
6,885854103E2;3,314062500E1
6,886854103E2;3,317187500E1
6,887854103E2;3,319531250E1
6,888854103E2;3,317968750E1
6,889854103E2;3,319531250E1
6,890854103E2;3,317968750E1
6,891854103E2;3,315625000E1
6,892854103E2;3,319531250E1
6,893854103E2;3,319531250E1
6,894854103E2;3,316406250E1
6,895854103E2;3,315625000E1
6,896854103E2;3,314843750E1
6,897854103E2;3,317187500E1
6,898854103E2;3,317187500E1
6,899854103E2;3,314843750E1
6,900854103E2;3,317968750E1
6,901854103E2;3,317187500E1
6,902854103E2;3,314843750E1
6,903854103E2;3,320703125E1
6,904854103E2;3,318750000E1
6,905854103E2;3,321484375E1
6,906854103E2;3,317968750E1
6,907854103E2;3,316406250E1
6,908854103E2;3,320703125E1
6,909854103E2;3,320312500E1
6,910854103E2;3,321875000E1
6,911854103E2;3,322265625E1
6,912854103E2;3,319531250E1
6,913854103E2;3,318750000E1
6,914854103E2;3,322265625E1
6,915854103E2;3,318359375E1
6,916854103E2;3,318750000E1
6,917854103E2;3,323046875E1
6,918854103E2;3,322265625E1
6,919854103E2;3,321875000E1
6,920854103E2;3,322265625E1
6,921854103E2;3,325781250E1
6,922854103E2;3,317578125E1
6,923854103E2;3,321875000E1
6,924854103E2;3,320703125E1
6,925854103E2;3,323828125E1
6,926854103E2;3,323046875E1
6,927854103E2;3,321093750E1
6,928854103E2;3,324218750E1
6,929854103E2;3,325781250E1
6,930854103E2;3,324218750E1
6,931854103E2;3,321875000E1
6,932854103E2;3,323828125E1
6,933854103E2;3,324218750E1
6,934854103E2;3,328906250E1
6,935854103E2;3,324609375E1
6,936854103E2;3,325390625E1
6,937854103E2;3,323046875E1
6,938854103E2;3,325390625E1
6,939854103E2;3,330468750E1
6,940854103E2;3,332812500E1
6,941854103E2;3,328906250E1
6,942854103E2;3,326171875E1
6,943854103E2;3,329687500E1
6,944854103E2;3,326171875E1
6,945854103E2;3,326171875E1
6,946854103E2;3,330468750E1
6,947854103E2;3,327343750E1
6,948854103E2;3,329687500E1
6,949854103E2;3,329687500E1
6,950854103E2;3,330468750E1
6,951854103E2;3,334765625E1
6,952854103E2;3,326171875E1
6,953854103E2;3,332812500E1
6,954854103E2;3,332812500E1
6,955854103E2;3,332031250E1
6,956854103E2;3,335546875E1
6,957854103E2;3,337500000E1
6,958854103E2;3,328125000E1
6,959854103E2;3,337109375E1
6,960854103E2;3,334765625E1
6,961854103E2;3,337109375E1
6,962854103E2;3,339453125E1
6,963854103E2;3,337109375E1
6,964854103E2;3,338281250E1
6,965854103E2;3,337109375E1
6,966854103E2;3,343750000E1
6,967854103E2;3,342968750E1
6,968854103E2;3,344531250E1
6,969854103E2;3,341406250E1
6,970854103E2;3,344531250E1
6,971854103E2;3,338671875E1
6,972854103E2;3,343750000E1
6,973854103E2;3,342187500E1
6,974854103E2;3,342187500E1
6,975854103E2;3,342968750E1
6,976854103E2;3,342968750E1
6,977854103E2;3,345312500E1
6,978854103E2;3,342968750E1
6,979854103E2;3,343750000E1
6,980854103E2;3,346093750E1
6,981854103E2;3,342968750E1
6,982854103E2;3,347265625E1
6,983854103E2;3,349218750E1
6,984854103E2;3,343750000E1
6,985854103E2;3,349609375E1
6,986854103E2;3,347265625E1
6,987854103E2;3,346875000E1
6,988854103E2;3,353515625E1
6,989854103E2;3,352734375E1
6,990854103E2;3,354687500E1
6,991854103E2;3,355468750E1
6,992854103E2;3,353906250E1
6,993854103E2;3,355468750E1
6,994854103E2;3,357031250E1
6,995854103E2;3,356250000E1
6,996854103E2;3,357812500E1
6,997854103E2;3,357031250E1
6,998854103E2;3,354687500E1
6,999854103E2;3,362109375E1
7,000854103E2;3,358593750E1
7,001854103E2;3,357031250E1
7,002854103E2;3,365625000E1
7,003854103E2;3,362890625E1
7,004854103E2;3,361718750E1
7,005854103E2;3,360937500E1
7,006854103E2;3,365234375E1
7,007854103E2;3,365234375E1
7,008854103E2;3,363281250E1
7,009854103E2;3,367968750E1
7,010854103E2;3,363671875E1
7,011854103E2;3,367187500E1
7,012854103E2;3,367187500E1
7,013854103E2;3,366015625E1
7,014854103E2;3,366015625E1
7,015854103E2;3,364453125E1
7,016854103E2;3,367968750E1
7,017854103E2;3,367968750E1
7,018854103E2;3,369531250E1
7,019854103E2;3,367968750E1
7,020854103E2;3,368750000E1
7,021854103E2;3,372656250E1
7,022854103E2;3,368750000E1
7,023854103E2;3,371093750E1
7,024854103E2;3,373437500E1
7,025854103E2;3,368750000E1
7,026854103E2;3,375390625E1
7,027854103E2;3,373437500E1
7,028854103E2;3,372656250E1
7,029854103E2;3,371093750E1
7,030854103E2;3,375390625E1
7,031854103E2;3,377343750E1
7,032854103E2;3,375781250E1
7,033854103E2;3,372656250E1
7,034854103E2;3,375781250E1
7,035854103E2;3,377343750E1
7,036854103E2;3,376953125E1
7,037854103E2;3,377734375E1
7,038854103E2;3,376171875E1
7,039854103E2;3,380468750E1
7,040854103E2;3,382031250E1
7,041854103E2;3,376953125E1
7,042854103E2;3,383593750E1
7,043854103E2;3,382812500E1
7,044854103E2;3,387890625E1
7,045854103E2;3,384375000E1
7,046854103E2;3,381250000E1
7,047854103E2;3,382812500E1
7,048854103E2;3,378515625E1
7,049854103E2;3,383593750E1
7,050854103E2;3,383593750E1
7,051854103E2;3,381250000E1
7,052854103E2;3,385156250E1
7,053854103E2;3,382031250E1
7,054854103E2;3,385937500E1
7,055854103E2;3,385156250E1
7,056854103E2;3,383593750E1
7,057854103E2;3,383593750E1
7,058854103E2;3,379296875E1
7,059854103E2;3,385937500E1
7,060854103E2;3,385937500E1
7,061854103E2;3,382031250E1
7,062854103E2;3,385156250E1
7,063854103E2;3,385156250E1
7,064854103E2;3,383593750E1
7,065854103E2;3,382812500E1
7,066854103E2;3,387109375E1
7,067854103E2;3,388671875E1
7,068854103E2;3,384375000E1
7,069854103E2;3,388671875E1
7,070854103E2;3,385937500E1
7,071854103E2;3,387109375E1
7,072854103E2;3,383593750E1
7,073854103E2;3,382812500E1
7,074854103E2;3,385937500E1
7,075854103E2;3,384375000E1
7,076854103E2;3,385156250E1
7,077854103E2;3,384375000E1
7,078854103E2;3,384375000E1
7,079854103E2;3,384375000E1
7,080854103E2;3,385156250E1
7,081854103E2;3,387109375E1
7,082854103E2;3,382812500E1
7,083854103E2;3,387109375E1
7,084854103E2;3,385156250E1
7,085854103E2;3,385937500E1
7,086854103E2;3,387109375E1
7,087854103E2;3,385937500E1
7,088854103E2;3,385937500E1
7,089854103E2;3,378515625E1
7,090854103E2;3,384375000E1
7,091854103E2;3,385937500E1
7,092854103E2;3,387109375E1
7,093854103E2;3,383593750E1
7,094854103E2;3,385156250E1
7,095854103E2;3,387109375E1
7,096854103E2;3,387109375E1
7,097854103E2;3,381250000E1
7,098854103E2;3,381250000E1
7,099854103E2;3,385156250E1
7,100854103E2;3,383593750E1
7,101854103E2;3,386718750E1
7,102854103E2;3,379296875E1
7,103854103E2;3,380468750E1
7,104854103E2;3,381250000E1
7,105854103E2;3,381250000E1
7,106854103E2;3,385156250E1
7,107854103E2;3,378515625E1
7,108854103E2;3,385937500E1
7,109854103E2;3,384375000E1
7,110854103E2;3,385937500E1
7,111854103E2;3,385937500E1
7,112854103E2;3,389062500E1
7,113854103E2;3,383593750E1
7,114854103E2;3,386718750E1
7,115854103E2;3,385156250E1
7,116854103E2;3,385156250E1
7,117854103E2;3,387109375E1
7,118854103E2;3,379296875E1
7,119854103E2;3,387890625E1
7,120854103E2;3,383593750E1
7,121854103E2;3,385937500E1
7,122854103E2;3,387109375E1
7,123854103E2;3,388671875E1
7,124854103E2;3,389843750E1
7,125854103E2;3,382031250E1
7,126854103E2;3,389062500E1
7,127854103E2;3,385156250E1
7,128854103E2;3,383593750E1
7,129854103E2;3,384375000E1
7,130854103E2;3,384375000E1
7,131854103E2;3,385937500E1
7,132854103E2;3,382031250E1
7,133854103E2;3,381250000E1
7,134854103E2;3,381250000E1
7,135854103E2;3,389062500E1
7,136854103E2;3,384375000E1
7,137854103E2;3,385156250E1
7,138854103E2;3,387890625E1
7,139854103E2;3,382031250E1
7,140854103E2;3,382031250E1
7,141854103E2;3,382812500E1
7,142854103E2;3,385937500E1
7,143854103E2;3,385937500E1
7,144854103E2;3,385937500E1
7,145854103E2;3,388671875E1
7,146854103E2;3,384375000E1
7,147854103E2;3,387109375E1
7,148854103E2;3,383593750E1
7,149854103E2;3,385156250E1
7,150854103E2;3,381250000E1
7,151854103E2;3,384375000E1
7,152854103E2;3,384375000E1
7,153854103E2;3,382031250E1
7,154854103E2;3,385156250E1
7,155854103E2;3,385937500E1
7,156854103E2;3,387890625E1
7,157854103E2;3,382031250E1
7,158854103E2;3,385546875E1
7,159854103E2;3,383593750E1
7,160854103E2;3,383593750E1
7,161854103E2;3,384375000E1
7,162854103E2;3,383593750E1
7,163854103E2;3,387890625E1
7,164854103E2;3,383203125E1
7,165854103E2;3,389062500E1
7,166854103E2;3,387109375E1
7,167854103E2;3,388671875E1
7,168854103E2;3,389062500E1
7,169854103E2;3,387890625E1
7,170854103E2;3,388671875E1
7,171854103E2;3,386718750E1
7,172854103E2;3,389453125E1
7,173854103E2;3,388671875E1
7,174854103E2;3,391015625E1
7,175854103E2;3,390625000E1
7,176854103E2;3,385937500E1
7,177854103E2;3,389453125E1
7,178854103E2;3,387500000E1
7,179854103E2;3,391015625E1
7,180854103E2;3,387890625E1
7,181854103E2;3,394921875E1
7,182854103E2;3,385937500E1
7,183854103E2;3,385546875E1
7,184854103E2;3,391015625E1
7,185854103E2;3,390234375E1
7,186854103E2;3,389453125E1
7,187854103E2;3,389843750E1
7,188854103E2;3,387500000E1
7,189854103E2;3,388281250E1
7,190854103E2;3,387109375E1
7,191854103E2;3,385156250E1
7,192854103E2;3,388671875E1
7,193854103E2;3,389453125E1
7,194854103E2;3,386718750E1
7,195854103E2;3,387109375E1
7,196854103E2;3,383593750E1
7,197854103E2;3,384375000E1
7,198854103E2;3,387109375E1
7,199854103E2;3,387890625E1
7,200854103E2;3,389453125E1
7,201854103E2;3,389843750E1
7,202854103E2;3,383593750E1
7,203854103E2;3,383593750E1
7,204854103E2;3,380468750E1
7,205854103E2;3,388671875E1
7,206854103E2;3,388671875E1
7,207854103E2;3,387890625E1
7,208854103E2;3,383593750E1
7,209854103E2;3,387890625E1
7,210854103E2;3,387109375E1
7,211854103E2;3,385156250E1
7,212854103E2;3,385937500E1
7,213854103E2;3,385156250E1
7,214854103E2;3,381250000E1
7,215854103E2;3,387109375E1
7,216854103E2;3,383593750E1
7,217854103E2;3,385156250E1
7,218854103E2;3,387109375E1
7,219854103E2;3,384375000E1
7,220854103E2;3,382031250E1
7,221854103E2;3,383593750E1
7,222854103E2;3,382812500E1
7,223854103E2;3,383593750E1
7,224854103E2;3,377734375E1
7,225854103E2;3,382031250E1
7,226854103E2;3,380468750E1
7,227854103E2;3,380468750E1
7,228854103E2;3,379296875E1
7,229854103E2;3,381250000E1
7,230854103E2;3,381250000E1
7,231854103E2;3,376171875E1
7,232854103E2;3,376171875E1
7,233854103E2;3,375781250E1
7,234854103E2;3,376171875E1
7,235854103E2;3,380859375E1
7,236854103E2;3,374218750E1
7,237854103E2;3,373437500E1
7,238854103E2;3,377343750E1
7,239854103E2;3,375390625E1
7,240854103E2;3,376562500E1
7,241854103E2;3,378906250E1
7,242854103E2;3,376562500E1
7,243854103E2;3,368750000E1
7,244854103E2;3,374609375E1
7,245854103E2;3,371093750E1
7,246854103E2;3,372656250E1
7,247854103E2;3,372656250E1
7,248854103E2;3,371875000E1
7,249854103E2;3,373828125E1
7,250854103E2;3,372265625E1
7,251854103E2;3,370312500E1
7,252854103E2;3,371875000E1
7,253854103E2;3,367968750E1
7,254854103E2;3,371093750E1
7,255854103E2;3,372656250E1
7,256854103E2;3,372656250E1
7,257854103E2;3,370312500E1
7,258854103E2;3,371875000E1
7,259854103E2;3,371875000E1
7,260854103E2;3,371093750E1
7,261854103E2;3,368750000E1
7,262854103E2;3,369531250E1
7,263854103E2;3,367968750E1
7,264854103E2;3,367187500E1
7,265854103E2;3,367968750E1
7,266854103E2;3,367968750E1
7,267854103E2;3,365234375E1
7,268854103E2;3,363671875E1
7,269854103E2;3,370312500E1
7,270854103E2;3,368750000E1
7,271854103E2;3,370312500E1
7,272854103E2;3,369531250E1
7,273854103E2;3,366015625E1
7,274854103E2;3,364453125E1
7,275854103E2;3,365234375E1
7,276854103E2;3,369531250E1
7,277854103E2;3,363671875E1
7,278854103E2;3,363671875E1
7,279854103E2;3,365234375E1
7,280854103E2;3,363671875E1
7,281854103E2;3,362109375E1
7,282854103E2;3,364453125E1
7,283854103E2;3,364453125E1
7,284854103E2;3,366015625E1
7,285854103E2;3,364453125E1
7,286854103E2;3,361718750E1
7,287854103E2;3,360156250E1
7,288854103E2;3,364453125E1
7,289854103E2;3,361328125E1
7,290854103E2;3,358984375E1
7,291854103E2;3,359375000E1
7,292854103E2;3,360546875E1
7,293854103E2;3,361718750E1
7,294854103E2;3,362500000E1
7,295854103E2;3,358593750E1
7,296854103E2;3,361328125E1
7,297854103E2;3,357031250E1
7,298854103E2;3,360546875E1
7,299854103E2;3,360546875E1
7,300854103E2;3,353906250E1
7,301854103E2;3,360546875E1
7,302854103E2;3,357812500E1
7,303854103E2;3,355468750E1
7,304854103E2;3,358593750E1
7,305854103E2;3,354687500E1
7,306854103E2;3,354687500E1
7,307854103E2;3,356250000E1
7,308854103E2;3,357812500E1
7,309854103E2;3,358593750E1
7,310854103E2;3,354687500E1
7,311854103E2;3,358593750E1
7,312854103E2;3,360546875E1
7,313854103E2;3,356250000E1
7,314854103E2;3,361328125E1
7,315854103E2;3,353906250E1
7,316854103E2;3,356250000E1
7,317854103E2;3,351953125E1
7,318854103E2;3,353906250E1
7,319854103E2;3,353906250E1
7,320854103E2;3,353906250E1
7,321854103E2;3,351171875E1
7,322854103E2;3,348437500E1
7,323854103E2;3,353906250E1
7,324854103E2;3,350000000E1
7,325854103E2;3,354687500E1
7,326854103E2;3,350390625E1
7,327854103E2;3,348437500E1
7,328854103E2;3,350781250E1
7,329854103E2;3,352734375E1
7,330854103E2;3,350390625E1
7,331854103E2;3,357031250E1
7,332854103E2;3,351953125E1
7,333854103E2;3,352734375E1
7,334854103E2;3,353906250E1
7,335854103E2;3,354687500E1
7,336854103E2;3,357031250E1
7,337854103E2;3,350000000E1
7,338854103E2;3,352734375E1
7,339854103E2;3,355078125E1
7,340854103E2;3,351171875E1
7,341854103E2;3,352734375E1
7,342854103E2;3,355468750E1
7,343854103E2;3,354687500E1
7,344854103E2;3,356250000E1
7,345854103E2;3,352734375E1
7,346854103E2;3,356250000E1
7,347854103E2;3,354687500E1
7,348854103E2;3,353906250E1
7,349854103E2;3,351953125E1
7,350854103E2;3,355468750E1
7,351854103E2;3,353906250E1
7,352854103E2;3,354687500E1
7,353854103E2;3,351953125E1
7,354854103E2;3,357812500E1
7,355854103E2;3,354687500E1
7,356854103E2;3,356250000E1
7,357854103E2;3,357031250E1
7,358854103E2;3,355468750E1
7,359854103E2;3,357031250E1
7,360854103E2;3,359375000E1
7,361854103E2;3,357812500E1
7,362854103E2;3,357031250E1
7,363854103E2;3,358593750E1
7,364854103E2;3,359375000E1
7,365854103E2;3,357031250E1
7,366854103E2;3,354687500E1
7,367854103E2;3,359375000E1
7,368854103E2;3,354687500E1
7,369854103E2;3,358593750E1
7,370854103E2;3,362890625E1
7,371854103E2;3,359375000E1
7,372854103E2;3,358593750E1
7,373854103E2;3,360546875E1
7,374854103E2;3,362109375E1
7,375854103E2;3,362890625E1
7,376854103E2;3,360546875E1
7,377854103E2;3,358593750E1
7,378854103E2;3,361328125E1
7,379854103E2;3,360546875E1
7,380854103E2;3,362109375E1
7,381854103E2;3,357812500E1
7,382854103E2;3,360546875E1
7,383854103E2;3,361328125E1
7,384854103E2;3,363281250E1
7,385854103E2;3,363671875E1
7,386854103E2;3,362500000E1
7,387854103E2;3,363671875E1
7,388854103E2;3,364062500E1
7,389854103E2;3,363281250E1
7,390854103E2;3,360156250E1
7,391854103E2;3,364062500E1
7,392854103E2;3,363281250E1
7,393854103E2;3,366015625E1
7,394854103E2;3,363671875E1
7,395854103E2;3,362890625E1
7,396854103E2;3,364062500E1
7,397854103E2;3,366015625E1
7,398854103E2;3,364062500E1
7,399854103E2;3,363671875E1
7,400854103E2;3,367187500E1
7,401854103E2;3,363671875E1
7,402854103E2;3,367187500E1
7,403854103E2;3,362890625E1
7,404854103E2;3,371093750E1
7,405854103E2;3,367187500E1
7,406854103E2;3,365234375E1
7,407854103E2;3,368750000E1
7,408854103E2;3,368750000E1
7,409854103E2;3,369531250E1
7,410854103E2;3,369531250E1
7,411854103E2;3,368750000E1
7,412854103E2;3,370312500E1
7,413854103E2;3,370312500E1
7,414854103E2;3,367968750E1
7,415854103E2;3,371093750E1
7,416854103E2;3,373828125E1
7,417854103E2;3,368750000E1
7,418854103E2;3,368750000E1
7,419854103E2;3,368750000E1
7,420854103E2;3,373828125E1
7,421854103E2;3,369531250E1
7,422854103E2;3,372656250E1
7,423854103E2;3,372656250E1
7,424854103E2;3,372656250E1
7,425854103E2;3,375390625E1
7,426854103E2;3,372656250E1
7,427854103E2;3,374609375E1
7,428854103E2;3,371093750E1
7,429854103E2;3,375390625E1
7,430854103E2;3,375390625E1
7,431854103E2;3,377734375E1
7,432854103E2;3,374609375E1
7,433854103E2;3,375000000E1
7,434854103E2;3,377734375E1
7,435854103E2;3,381250000E1
7,436854103E2;3,377734375E1
7,437854103E2;3,374218750E1
7,438854103E2;3,376171875E1
7,439854103E2;3,378515625E1
7,440854103E2;3,382812500E1
7,441854103E2;3,383593750E1
7,442854103E2;3,375781250E1
7,443854103E2;3,378515625E1
7,444854103E2;3,381250000E1
7,445854103E2;3,376953125E1
7,446854103E2;3,381250000E1
7,447854103E2;3,376171875E1
7,448854103E2;3,379296875E1
7,449854103E2;3,376953125E1
7,450854103E2;3,376171875E1
7,451854103E2;3,378906250E1
7,452854103E2;3,378515625E1
7,453854103E2;3,376953125E1
7,454854103E2;3,377343750E1
7,455854103E2;3,377734375E1
7,456854103E2;3,376953125E1
7,457854103E2;3,377734375E1
7,458854103E2;3,378515625E1
7,459854103E2;3,376171875E1
7,460854103E2;3,376171875E1
7,461854103E2;3,378515625E1
7,462854103E2;3,374218750E1
7,463854103E2;3,381250000E1
7,464854103E2;3,385156250E1
7,465854103E2;3,376171875E1
7,466854103E2;3,375781250E1
7,467854103E2;3,373828125E1
7,468854103E2;3,377343750E1
7,469854103E2;3,376953125E1
7,470854103E2;3,376171875E1
7,471854103E2;3,377734375E1
7,472854103E2;3,374609375E1
7,473854103E2;3,372656250E1
7,474854103E2;3,373828125E1
7,475854103E2;3,375781250E1
7,476854103E2;3,375781250E1
7,477854103E2;3,376562500E1
7,478854103E2;3,377343750E1
7,479854103E2;3,378906250E1
7,480854103E2;3,369921875E1
7,481854103E2;3,375000000E1
7,482854103E2;3,372656250E1
7,483854103E2;3,376562500E1
7,484854103E2;3,377343750E1
7,485854103E2;3,369921875E1
7,486854103E2;3,371875000E1
7,487854103E2;3,370312500E1
7,488854103E2;3,373437500E1
7,489854103E2;3,371093750E1
7,490854103E2;3,371875000E1
7,491854103E2;3,371484375E1
7,492854103E2;3,371875000E1
7,493854103E2;3,372656250E1
7,494854103E2;3,369531250E1
7,495854103E2;3,372656250E1
7,496854103E2;3,371093750E1
7,497854103E2;3,370312500E1
7,498854103E2;3,370312500E1
7,499854103E2;3,370312500E1
7,500854103E2;3,369531250E1
7,501854103E2;3,372656250E1
7,502854103E2;3,367187500E1
7,503854103E2;3,368750000E1
7,504854103E2;3,371093750E1
7,505854103E2;3,370312500E1
7,506854103E2;3,369531250E1
7,507854103E2;3,368750000E1
7,508854103E2;3,369531250E1
7,509854103E2;3,371093750E1
7,510854103E2;3,370312500E1
7,511854103E2;3,368750000E1
7,512854103E2;3,368750000E1
7,513854103E2;3,369531250E1
7,514854103E2;3,368750000E1
7,515854103E2;3,369531250E1
7,516854103E2;3,368750000E1
7,517854103E2;3,369531250E1
7,518854103E2;3,372656250E1
7,519854103E2;3,366015625E1
7,520854103E2;3,370312500E1
7,521854103E2;3,368750000E1
7,522854103E2;3,369531250E1
7,523854103E2;3,366015625E1
7,524854103E2;3,367187500E1
7,525854103E2;3,367968750E1
7,526854103E2;3,367578125E1
7,527854103E2;3,369531250E1
7,528854103E2;3,365234375E1
7,529854103E2;3,367968750E1
7,530854103E2;3,367187500E1
7,531854103E2;3,367187500E1
7,532854103E2;3,362500000E1
7,533854103E2;3,365234375E1
7,534854103E2;3,365234375E1
7,535854103E2;3,363671875E1
7,536854103E2;3,367968750E1
7,537854103E2;3,366015625E1
7,538854103E2;3,360937500E1
7,539854103E2;3,365234375E1
7,540854103E2;3,364453125E1
7,541854103E2;3,362500000E1
7,542854103E2;3,364453125E1
7,543854103E2;3,362890625E1
7,544854103E2;3,364843750E1
7,545854103E2;3,361718750E1
7,546854103E2;3,364453125E1
7,547854103E2;3,360156250E1
7,548854103E2;3,361328125E1
7,549854103E2;3,366015625E1
7,550854103E2;3,362890625E1
7,551854103E2;3,363281250E1
7,552854103E2;3,362890625E1
7,553854103E2;3,360937500E1
7,554854103E2;3,360937500E1
7,555854103E2;3,363281250E1
7,556854103E2;3,364062500E1
7,557854103E2;3,361328125E1
7,558854103E2;3,360937500E1
7,559854103E2;3,362890625E1
7,560854103E2;3,362890625E1
7,561854103E2;3,364843750E1
7,562854103E2;3,363281250E1
7,563854103E2;3,365234375E1
7,564854103E2;3,365625000E1
7,565854103E2;3,363281250E1
7,566854103E2;3,364453125E1
7,567854103E2;3,363671875E1
7,568854103E2;3,362890625E1
7,569854103E2;3,365234375E1
7,570854103E2;3,364062500E1
7,571854103E2;3,364843750E1
7,572854103E2;3,362890625E1
7,573854103E2;3,366015625E1
7,574854103E2;3,361328125E1
7,575854103E2;3,367187500E1
7,576854103E2;3,355468750E1
7,577854103E2;3,366015625E1
7,578854103E2;3,361328125E1
7,579854103E2;3,363671875E1
7,580854103E2;3,362500000E1
7,581854103E2;3,360546875E1
7,582854103E2;3,360156250E1
7,583854103E2;3,362109375E1
7,584854103E2;3,366796875E1
7,585854103E2;3,354687500E1
7,586854103E2;3,354687500E1
7,587854103E2;3,354687500E1
7,588854103E2;3,360546875E1
7,589854103E2;3,353906250E1
7,590854103E2;3,355468750E1
7,591854103E2;3,356250000E1
7,592854103E2;3,356250000E1
7,593854103E2;3,357812500E1
7,594854103E2;3,356250000E1
7,595854103E2;3,353906250E1
7,596854103E2;3,361328125E1
7,597854103E2;3,350390625E1
7,598854103E2;3,359375000E1
7,599854103E2;3,351953125E1
7,600854103E2;3,354687500E1
7,601854103E2;3,350390625E1
7,602854103E2;3,351953125E1
7,603854103E2;3,350000000E1
7,604854103E2;3,356250000E1
7,605854103E2;3,353906250E1
7,606854103E2;3,352734375E1
7,607854103E2;3,350390625E1
7,608854103E2;3,351171875E1
7,609854103E2;3,351953125E1
7,610854103E2;3,351953125E1
7,611854103E2;3,350000000E1
7,612854103E2;3,353515625E1
7,613854103E2;3,353906250E1
7,614854103E2;3,350781250E1
7,615854103E2;3,351953125E1
7,616854103E2;3,350000000E1
7,617854103E2;3,350000000E1
7,618854103E2;3,351562500E1
7,619854103E2;3,348046875E1
7,620854103E2;3,349609375E1
7,621854103E2;3,350781250E1
7,622854103E2;3,347265625E1
7,623854103E2;3,347265625E1
7,624854103E2;3,349609375E1
7,625854103E2;3,346875000E1
7,626854103E2;3,343750000E1
7,627854103E2;3,349218750E1
7,628854103E2;3,348046875E1
7,629854103E2;3,347265625E1
7,630854103E2;3,348437500E1
7,631854103E2;3,344531250E1
7,632854103E2;3,345312500E1
7,633854103E2;3,346093750E1
7,634854103E2;3,348828125E1
7,635854103E2;3,347265625E1
7,636854103E2;3,348046875E1
7,637854103E2;3,348046875E1
7,638854103E2;3,346093750E1
7,639854103E2;3,345703125E1
7,640854103E2;3,347265625E1
7,641854103E2;3,346875000E1
7,642854103E2;3,346093750E1
7,643854103E2;3,346093750E1
7,644854103E2;3,343750000E1
7,645854103E2;3,346093750E1
7,646854103E2;3,343750000E1
7,647854103E2;3,348046875E1
7,648854103E2;3,344531250E1
7,649854103E2;3,344531250E1
7,650854103E2;3,342187500E1
7,651854103E2;3,342968750E1
7,652854103E2;3,343750000E1
7,653854103E2;3,342187500E1
7,654854103E2;3,349609375E1
7,655854103E2;3,346093750E1
7,656854103E2;3,345312500E1
7,657854103E2;3,344531250E1
7,658854103E2;3,342187500E1
7,659854103E2;3,343750000E1
7,660854103E2;3,342968750E1
7,661854103E2;3,342187500E1
7,662854103E2;3,342968750E1
7,663854103E2;3,342187500E1
7,664854103E2;3,342187500E1
7,665854103E2;3,339453125E1
7,666854103E2;3,340625000E1
7,667854103E2;3,342187500E1
7,668854103E2;3,339453125E1
7,669854103E2;3,339453125E1
7,670854103E2;3,338671875E1
7,671854103E2;3,340625000E1
7,672854103E2;3,342968750E1
7,673854103E2;3,341406250E1
7,674854103E2;3,343750000E1
7,675854103E2;3,339453125E1
7,676854103E2;3,341406250E1
7,677854103E2;3,340625000E1
7,678854103E2;3,339453125E1
7,679854103E2;3,343750000E1
7,680854103E2;3,338671875E1
7,681854103E2;3,337890625E1
7,682854103E2;3,343359375E1
7,683854103E2;3,342187500E1
7,684854103E2;3,338281250E1
7,685854103E2;3,339453125E1
7,686854103E2;3,342187500E1
7,687854103E2;3,337109375E1
7,688854103E2;3,338671875E1
7,689854103E2;3,336328125E1
7,690854103E2;3,341406250E1
7,691854103E2;3,339453125E1
7,692854103E2;3,340625000E1
7,693854103E2;3,336718750E1
7,694854103E2;3,337890625E1
7,695854103E2;3,340234375E1
7,696854103E2;3,335937500E1
7,697854103E2;3,339062500E1
7,698854103E2;3,340234375E1
7,699854103E2;3,336718750E1
7,700854103E2;3,337890625E1
7,701854103E2;3,339453125E1
7,702854103E2;3,337109375E1
7,703854103E2;3,339062500E1
7,704854103E2;3,337500000E1
7,705854103E2;3,337109375E1
7,706854103E2;3,337890625E1
7,707854103E2;3,336718750E1
7,708854103E2;3,340625000E1
7,709854103E2;3,337890625E1
7,710854103E2;3,338281250E1
7,711854103E2;3,338671875E1
7,712854103E2;3,338671875E1
7,713854103E2;3,337109375E1
7,714854103E2;3,338671875E1
7,715854103E2;3,336718750E1
7,716854103E2;3,342578125E1
7,717854103E2;3,341406250E1
7,718854103E2;3,337109375E1
7,719854103E2;3,338281250E1
7,720854103E2;3,335546875E1
7,721854103E2;3,334765625E1
7,722854103E2;3,337109375E1
7,723854103E2;3,334765625E1
7,724854103E2;3,337890625E1
7,725854103E2;3,332812500E1
7,726854103E2;3,330468750E1
7,727854103E2;3,332812500E1
7,728854103E2;3,335546875E1
7,729854103E2;3,333984375E1
7,730854103E2;3,332812500E1
7,731854103E2;3,335546875E1
7,732854103E2;3,333984375E1
7,733854103E2;3,335546875E1
7,734854103E2;3,332031250E1
7,735854103E2;3,332812500E1
7,736854103E2;3,331250000E1
7,737854103E2;3,332812500E1
7,738854103E2;3,331250000E1
7,739854103E2;3,337109375E1
7,740854103E2;3,335546875E1
7,741854103E2;3,333984375E1
7,742854103E2;3,333984375E1
7,743854103E2;3,335546875E1
7,744854103E2;3,333984375E1
7,745854103E2;3,329687500E1
7,746854103E2;3,332031250E1
7,747854103E2;3,332812500E1
7,748854103E2;3,332812500E1
7,749854103E2;3,333984375E1
7,750854103E2;3,329687500E1
7,751854103E2;3,334375000E1
7,752854103E2;3,331250000E1
7,753854103E2;3,334765625E1
7,754854103E2;3,331250000E1
7,755854103E2;3,331250000E1
7,756854103E2;3,330468750E1
7,757854103E2;3,332812500E1
7,758854103E2;3,332031250E1
7,759854103E2;3,330468750E1
7,760854103E2;3,333984375E1
7,761854103E2;3,334765625E1
7,762854103E2;3,332812500E1
7,763854103E2;3,334765625E1
7,764854103E2;3,334765625E1
7,765854103E2;3,334765625E1
7,766854103E2;3,335546875E1
7,767854103E2;3,337109375E1
7,768854103E2;3,332812500E1
7,769854103E2;3,332031250E1
7,770854103E2;3,331250000E1
7,771854103E2;3,328906250E1
7,772854103E2;3,332031250E1
7,773854103E2;3,331250000E1
7,774854103E2;3,331250000E1
7,775854103E2;3,332031250E1
7,776854103E2;3,333984375E1
7,777854103E2;3,332031250E1
7,778854103E2;3,328125000E1
7,779854103E2;3,329687500E1
7,780854103E2;3,327343750E1
7,781854103E2;3,328906250E1
7,782854103E2;3,329687500E1
7,783854103E2;3,332031250E1
7,784854103E2;3,330468750E1
7,785854103E2;3,331250000E1
7,786854103E2;3,328906250E1
7,787854103E2;3,328125000E1
7,788854103E2;3,328906250E1
7,789854103E2;3,328906250E1
7,790854103E2;3,329687500E1
7,791854103E2;3,330468750E1
7,792854103E2;3,328125000E1
7,793854103E2;3,331250000E1
7,794854103E2;3,328906250E1
7,795854103E2;3,329687500E1
7,796854103E2;3,329687500E1
7,797854103E2;3,328125000E1
7,798854103E2;3,326171875E1
7,799854103E2;3,331250000E1
7,800854103E2;3,332812500E1
7,801854103E2;3,332812500E1
7,802854103E2;3,328125000E1
7,803854103E2;3,330468750E1
7,804854103E2;3,329687500E1
7,805854103E2;3,331250000E1
7,806854103E2;3,331250000E1
7,807854103E2;3,332812500E1
7,808854103E2;3,333984375E1
7,809854103E2;3,332812500E1
7,810854103E2;3,328125000E1
7,811854103E2;3,329687500E1
7,812854103E2;3,326171875E1
7,813854103E2;3,325390625E1
7,814854103E2;3,321093750E1
7,815854103E2;3,326171875E1
7,816854103E2;3,326171875E1
7,817854103E2;3,325390625E1
7,818854103E2;3,329687500E1
7,819854103E2;3,330468750E1
7,820854103E2;3,327343750E1
7,821854103E2;3,330468750E1
7,822854103E2;3,331250000E1
7,823854103E2;3,325390625E1
7,824854103E2;3,325390625E1
7,825854103E2;3,329687500E1
7,826854103E2;3,328906250E1
7,827854103E2;3,328906250E1
7,828854103E2;3,330468750E1
7,829854103E2;3,333984375E1
7,830854103E2;3,330468750E1
7,831854103E2;3,323828125E1
7,832854103E2;3,327343750E1
7,833854103E2;3,328125000E1
7,834854103E2;3,325390625E1
7,835854103E2;3,325000000E1
7,836854103E2;3,329687500E1
7,837854103E2;3,330468750E1
7,838854103E2;3,325390625E1
7,839854103E2;3,329687500E1
7,840854103E2;3,329687500E1
7,841854103E2;3,328125000E1
7,842854103E2;3,327734375E1
7,843854103E2;3,324609375E1
7,844854103E2;3,325390625E1
7,845854103E2;3,327343750E1
7,846854103E2;3,324218750E1
7,847854103E2;3,328906250E1
7,848854103E2;3,328906250E1
7,849854103E2;3,331250000E1
7,850854103E2;3,330468750E1
7,851854103E2;3,328906250E1
7,852854103E2;3,332812500E1
7,853854103E2;3,329687500E1
7,854854103E2;3,331250000E1
7,855854103E2;3,331250000E1
7,856854103E2;3,328906250E1
7,857854103E2;3,332812500E1
7,858854103E2;3,331250000E1
7,859854103E2;3,332031250E1
7,860854103E2;3,327734375E1
7,861854103E2;3,334765625E1
7,862854103E2;3,326171875E1
7,863854103E2;3,330468750E1
7,864854103E2;3,332812500E1
7,865854103E2;3,332812500E1
7,866854103E2;3,328906250E1
7,867854103E2;3,334765625E1
7,868854103E2;3,330468750E1
7,869854103E2;3,335546875E1
7,870854103E2;3,333984375E1
7,871854103E2;3,329687500E1
7,872854103E2;3,334765625E1
7,873854103E2;3,332031250E1
7,874854103E2;3,335546875E1
7,875854103E2;3,331250000E1
7,876854103E2;3,329687500E1
7,877854103E2;3,333984375E1
7,878854103E2;3,332031250E1
7,879854103E2;3,333984375E1
7,880854103E2;3,332812500E1
7,881854103E2;3,333984375E1
7,882854103E2;3,331250000E1
7,883854103E2;3,332812500E1
7,884854103E2;3,327343750E1
7,885854103E2;3,329687500E1
7,886854103E2;3,328906250E1
7,887854103E2;3,335546875E1
7,888854103E2;3,333984375E1
7,889854103E2;3,325390625E1
7,890854103E2;3,330468750E1
7,891854103E2;3,331250000E1
7,892854103E2;3,328125000E1
7,893854103E2;3,331250000E1
7,894854103E2;3,329687500E1
7,895854103E2;3,333984375E1
7,896854103E2;3,332031250E1
7,897854103E2;3,329687500E1
7,898854103E2;3,330468750E1
7,899854103E2;3,330468750E1
7,900854103E2;3,331250000E1
7,901854103E2;3,331250000E1
7,902854103E2;3,331250000E1
7,903854103E2;3,334765625E1
7,904854103E2;3,328906250E1
7,905854103E2;3,331250000E1
7,906854103E2;3,327343750E1
7,907854103E2;3,329687500E1
7,908854103E2;3,328125000E1
7,909854103E2;3,331250000E1
7,910854103E2;3,325390625E1
7,911854103E2;3,328906250E1
7,912854103E2;3,323437500E1
7,913854103E2;3,328125000E1
7,914854103E2;3,324218750E1
7,915854103E2;3,329687500E1
7,916854103E2;3,329687500E1
7,917854103E2;3,328906250E1
7,918854103E2;3,327343750E1
7,919854103E2;3,328906250E1
7,920854103E2;3,325390625E1
7,921854103E2;3,328125000E1
7,922854103E2;3,331250000E1
7,923854103E2;3,322265625E1
7,924854103E2;3,328125000E1
7,925854103E2;3,329687500E1
7,926854103E2;3,331250000E1
7,927854103E2;3,328906250E1
7,928854103E2;3,330468750E1
7,929854103E2;3,328906250E1
7,930854103E2;3,330468750E1
7,931854103E2;3,332031250E1
7,932854103E2;3,331250000E1
7,933854103E2;3,327343750E1
7,934854103E2;3,328125000E1
7,935854103E2;3,328906250E1
7,936854103E2;3,329687500E1
7,937854103E2;3,329687500E1
7,938854103E2;3,329687500E1
7,939854103E2;3,328515625E1
7,940854103E2;3,328906250E1
7,941854103E2;3,326171875E1
7,942854103E2;3,333984375E1
7,943854103E2;3,329687500E1
7,944854103E2;3,335546875E1
7,945854103E2;3,332812500E1
7,946854103E2;3,333984375E1
7,947854103E2;3,331250000E1
7,948854103E2;3,330468750E1
7,949854103E2;3,334765625E1
7,950854103E2;3,332812500E1
7,951854103E2;3,332812500E1
7,952854103E2;3,332812500E1
7,953854103E2;3,328906250E1
7,954854103E2;3,335546875E1
7,955854103E2;3,329687500E1
7,956854103E2;3,331250000E1
7,957854103E2;3,332812500E1
7,958854103E2;3,334765625E1
7,959854103E2;3,326171875E1
7,960854103E2;3,334765625E1
7,961854103E2;3,334765625E1
7,962854103E2;3,332031250E1
7,963854103E2;3,334765625E1
7,964854103E2;3,333984375E1
7,965854103E2;3,332812500E1
7,966854103E2;3,332812500E1
7,967854103E2;3,328906250E1
7,968854103E2;3,334765625E1
7,969854103E2;3,328906250E1
7,970854103E2;3,328125000E1
7,971854103E2;3,332031250E1
7,972854103E2;3,331250000E1
7,973854103E2;3,330468750E1
7,974854103E2;3,326171875E1
7,975854103E2;3,330468750E1
7,976854103E2;3,329687500E1
7,977854103E2;3,334765625E1
7,978854103E2;3,328125000E1
7,979854103E2;3,328125000E1
7,980854103E2;3,332812500E1
7,981854103E2;3,336328125E1
7,982854103E2;3,331250000E1
7,983854103E2;3,329687500E1
7,984854103E2;3,330468750E1
7,985854103E2;3,328125000E1
7,986854103E2;3,327734375E1
7,987854103E2;3,327343750E1
7,988854103E2;3,329687500E1
7,989854103E2;3,325781250E1
7,990854103E2;3,326171875E1
7,991854103E2;3,325390625E1
7,992854103E2;3,324609375E1
7,993854103E2;3,323828125E1
7,994854103E2;3,327734375E1
7,995854103E2;3,324609375E1
7,996854103E2;3,323828125E1
7,997854103E2;3,324218750E1
7,998854103E2;3,324609375E1
7,999854103E2;3,324218750E1
8,000854103E2;3,324609375E1
8,001854103E2;3,324609375E1
8,002854103E2;3,326953125E1
8,003854103E2;3,326953125E1
8,004854103E2;3,323828125E1
8,005854103E2;3,323046875E1
8,006854103E2;3,323046875E1
8,007854103E2;3,321484375E1
8,008854103E2;3,327343750E1
8,009854103E2;3,324218750E1
8,010854103E2;3,323828125E1
8,011854103E2;3,325781250E1
8,012854103E2;3,324218750E1
8,013854103E2;3,325390625E1
8,014854103E2;3,331250000E1
8,015854103E2;3,328515625E1
8,016854103E2;3,328125000E1
8,017854103E2;3,326171875E1
8,018854103E2;3,323437500E1
8,019854103E2;3,327734375E1
8,020854103E2;3,324218750E1
8,021854103E2;3,321484375E1
8,022854103E2;3,324218750E1
8,023854103E2;3,327734375E1
8,024854103E2;3,324609375E1
8,025854103E2;3,326953125E1
8,026854103E2;3,322265625E1
8,027854103E2;3,324609375E1
8,028854103E2;3,323437500E1
8,029854103E2;3,319531250E1
8,030854103E2;3,320703125E1
8,031854103E2;3,318750000E1
8,032854103E2;3,318750000E1
8,033854103E2;3,317968750E1
8,034854103E2;3,317187500E1
8,035854103E2;3,319531250E1
8,036854103E2;3,323046875E1
8,037854103E2;3,320703125E1
8,038854103E2;3,321875000E1
8,039854103E2;3,320703125E1
8,040854103E2;3,318750000E1
8,041854103E2;3,314843750E1
8,042854103E2;3,318750000E1
8,043854103E2;3,315625000E1
8,044854103E2;3,315625000E1
8,045854103E2;3,318750000E1
8,046854103E2;3,315625000E1
8,047854103E2;3,318750000E1
8,048854103E2;3,316406250E1
8,049854103E2;3,317968750E1
8,050854103E2;3,320703125E1
8,051854103E2;3,323046875E1
8,052854103E2;3,322265625E1
8,053854103E2;3,317968750E1
8,054854103E2;3,320703125E1
8,055854103E2;3,317968750E1
8,056854103E2;3,317187500E1
8,057854103E2;3,317968750E1
8,058854103E2;3,317187500E1
8,059854103E2;3,314843750E1
8,060854103E2;3,323828125E1
8,061854103E2;3,318750000E1
8,062854103E2;3,320703125E1
8,063854103E2;3,317968750E1
8,064854103E2;3,321484375E1
8,065854103E2;3,317187500E1
8,066854103E2;3,318750000E1
8,067854103E2;3,316406250E1
8,068854103E2;3,317187500E1
8,069854103E2;3,320312500E1
8,070854103E2;3,323828125E1
8,071854103E2;3,319531250E1
8,072854103E2;3,323046875E1
8,073854103E2;3,317187500E1
8,074854103E2;3,317968750E1
8,075854103E2;3,320703125E1
8,076854103E2;3,315625000E1
8,077854103E2;3,318750000E1
8,078854103E2;3,316406250E1
8,079854103E2;3,315625000E1
8,080854103E2;3,318750000E1
8,081854103E2;3,317187500E1
8,082854103E2;3,312890625E1
8,083854103E2;3,314062500E1
8,084854103E2;3,314843750E1
8,085854103E2;3,317187500E1
8,086854103E2;3,317187500E1
8,087854103E2;3,312109375E1
8,088854103E2;3,314843750E1
8,089854103E2;3,315625000E1
8,090854103E2;3,314062500E1
8,091854103E2;3,317187500E1
8,092854103E2;3,312890625E1
8,093854103E2;3,314062500E1
8,094854103E2;3,314062500E1
8,095854103E2;3,315625000E1
8,096854103E2;3,314843750E1
8,097854103E2;3,314843750E1
8,098854103E2;3,315625000E1
8,099854103E2;3,314062500E1
8,100854103E2;3,314843750E1
8,101854103E2;3,314062500E1
8,102854103E2;3,312109375E1
8,103854103E2;3,314062500E1
8,104854103E2;3,315625000E1
8,105854103E2;3,314843750E1
8,106854103E2;3,312890625E1
8,107854103E2;3,314843750E1
8,108854103E2;3,311328125E1
8,109854103E2;3,312890625E1
8,110854103E2;3,312890625E1
8,111854103E2;3,314062500E1
8,112854103E2;3,314062500E1
8,113854103E2;3,312890625E1
8,114854103E2;3,311328125E1
8,115854103E2;3,314062500E1
8,116854103E2;3,310546875E1
8,117854103E2;3,312109375E1
8,118854103E2;3,314843750E1
8,119854103E2;3,314062500E1
8,120854103E2;3,312109375E1
8,121854103E2;3,313671875E1
8,122854103E2;3,314062500E1
8,123854103E2;3,311718750E1
8,124854103E2;3,308984375E1
8,125854103E2;3,310546875E1
8,126854103E2;3,312109375E1
8,127854103E2;3,311328125E1
8,128854103E2;3,312500000E1
8,129854103E2;3,309765625E1
8,130854103E2;3,310546875E1
8,131854103E2;3,312500000E1
8,132854103E2;3,309765625E1
8,133854103E2;3,307031250E1
8,134854103E2;3,315234375E1
8,135854103E2;3,309765625E1
8,136854103E2;3,312500000E1
8,137854103E2;3,308593750E1
8,138854103E2;3,311328125E1
8,139854103E2;3,310546875E1
8,140854103E2;3,312500000E1
8,141854103E2;3,311328125E1
8,142854103E2;3,305468750E1
8,143854103E2;3,310937500E1
8,144854103E2;3,312500000E1
8,145854103E2;3,307812500E1
8,146854103E2;3,307421875E1
8,147854103E2;3,312890625E1
8,148854103E2;3,312109375E1
8,149854103E2;3,310546875E1
8,150854103E2;3,311328125E1
8,151854103E2;3,310546875E1
8,152854103E2;3,307421875E1
8,153854103E2;3,308203125E1
8,154854103E2;3,304687500E1
8,155854103E2;3,308593750E1
8,156854103E2;3,311328125E1
8,157854103E2;3,310546875E1
8,158854103E2;3,310546875E1
8,159854103E2;3,309765625E1
8,160854103E2;3,312500000E1
8,161854103E2;3,311328125E1
8,162854103E2;3,307421875E1
8,163854103E2;3,312109375E1
8,164854103E2;3,308984375E1
8,165854103E2;3,310546875E1
8,166854103E2;3,312109375E1
8,167854103E2;3,315234375E1
8,168854103E2;3,314062500E1
8,169854103E2;3,312109375E1
8,170854103E2;3,310156250E1
8,171854103E2;3,310156250E1
8,172854103E2;3,308984375E1
8,173854103E2;3,308203125E1
8,174854103E2;3,308984375E1
8,175854103E2;3,311328125E1
8,176854103E2;3,309765625E1
8,177854103E2;3,307421875E1
8,178854103E2;3,305468750E1
8,179854103E2;3,309765625E1
8,180854103E2;3,308203125E1
8,181854103E2;3,312500000E1
8,182854103E2;3,309765625E1
8,183854103E2;3,306250000E1
8,184854103E2;3,309765625E1
8,185854103E2;3,307421875E1
8,186854103E2;3,308984375E1
8,187854103E2;3,306250000E1
8,188854103E2;3,308203125E1
8,189854103E2;3,306250000E1
8,190854103E2;3,308984375E1
8,191854103E2;3,305468750E1
8,192854103E2;3,310546875E1
8,193854103E2;3,304687500E1
8,194854103E2;3,303906250E1
8,195854103E2;3,305468750E1
8,196854103E2;3,309765625E1
8,197854103E2;3,306250000E1
8,198854103E2;3,308203125E1
8,199854103E2;3,307421875E1
8,200854103E2;3,307421875E1
8,201854103E2;3,306250000E1
8,202854103E2;3,308984375E1
8,203854103E2;3,303906250E1
8,204854103E2;3,304687500E1
8,205854103E2;3,307421875E1
8,206854103E2;3,306250000E1
8,207854103E2;3,305468750E1
8,208854103E2;3,301562500E1
8,209854103E2;3,305468750E1
8,210854103E2;3,305468750E1
8,211854103E2;3,300781250E1
8,212854103E2;3,303125000E1
8,213854103E2;3,306250000E1
8,214854103E2;3,307421875E1
8,215854103E2;3,303906250E1
8,216854103E2;3,308203125E1
8,217854103E2;3,309765625E1
8,218854103E2;3,305468750E1
8,219854103E2;3,308203125E1
8,220854103E2;3,303906250E1
8,221854103E2;3,306250000E1
8,222854103E2;3,308984375E1
8,223854103E2;3,306250000E1
8,224854103E2;3,300781250E1
8,225854103E2;3,308203125E1
8,226854103E2;3,308203125E1
8,227854103E2;3,302343750E1
8,228854103E2;3,305468750E1
8,229854103E2;3,303906250E1
8,230854103E2;3,303906250E1
8,231854103E2;3,308203125E1
8,232854103E2;3,303125000E1
8,233854103E2;3,306250000E1
8,234854103E2;3,304687500E1
8,235854103E2;3,302343750E1
8,236854103E2;3,300781250E1
8,237854103E2;3,300781250E1
8,238854103E2;3,305468750E1
8,239854103E2;3,301562500E1
8,240854103E2;3,300781250E1
8,241854103E2;3,302343750E1
8,242854103E2;3,301562500E1
8,243854103E2;3,301562500E1
8,244854103E2;3,302343750E1
8,245854103E2;3,305468750E1
8,246854103E2;3,303125000E1
8,247854103E2;3,307421875E1
8,248854103E2;3,305468750E1
8,249854103E2;3,303906250E1
8,250854103E2;3,302343750E1
8,251854103E2;3,303125000E1
8,252854103E2;3,306250000E1
8,253854103E2;3,307421875E1
8,254854103E2;3,302343750E1
8,255854103E2;3,300390625E1
8,256854103E2;3,303125000E1
8,257854103E2;3,303125000E1
8,258854103E2;3,304687500E1
8,259854103E2;3,296484375E1
8,260854103E2;3,298828125E1
8,261854103E2;3,302343750E1
8,262854103E2;3,303125000E1
8,263854103E2;3,301562500E1
8,264854103E2;3,300390625E1
8,265854103E2;3,303125000E1
8,266854103E2;3,301562500E1
8,267854103E2;3,303125000E1
8,268854103E2;3,303906250E1
8,269854103E2;3,303906250E1
8,270854103E2;3,306250000E1
8,271854103E2;3,300781250E1
8,272854103E2;3,298437500E1
8,273854103E2;3,301562500E1
8,274854103E2;3,301171875E1
8,275854103E2;3,301562500E1
8,276854103E2;3,303906250E1
8,277854103E2;3,303906250E1
8,278854103E2;3,296875000E1
8,279854103E2;3,302343750E1
8,280854103E2;3,304687500E1
8,281854103E2;3,308203125E1
8,282854103E2;3,301562500E1
8,283854103E2;3,300781250E1
8,284854103E2;3,301562500E1
8,285854103E2;3,301562500E1
8,286854103E2;3,299609375E1
8,287854103E2;3,300781250E1
8,288854103E2;3,298828125E1
8,289854103E2;3,307421875E1
8,290854103E2;3,300781250E1
8,291854103E2;3,300781250E1
8,292854103E2;3,300781250E1
8,293854103E2;3,302343750E1
8,294854103E2;3,296484375E1
8,295854103E2;3,297656250E1
8,296854103E2;3,298437500E1
8,297854103E2;3,299218750E1
8,298854103E2;3,299609375E1
8,299854103E2;3,298437500E1
8,300854103E2;3,303906250E1
8,301854103E2;3,295312500E1
8,302854103E2;3,302734375E1
8,303854103E2;3,300390625E1
8,304854103E2;3,294921875E1
8,305854103E2;3,302343750E1
8,306854103E2;3,298046875E1
8,307854103E2;3,300390625E1
8,308854103E2;3,296093750E1
8,309854103E2;3,298046875E1
8,310854103E2;3,301953125E1
8,311854103E2;3,300390625E1
8,312854103E2;3,298437500E1
8,313854103E2;3,294921875E1
8,314854103E2;3,298046875E1
8,315854103E2;3,300390625E1
8,316854103E2;3,298437500E1
8,317854103E2;3,301171875E1
8,318854103E2;3,298046875E1
8,319854103E2;3,297265625E1
8,320854103E2;3,296875000E1
8,321854103E2;3,298046875E1
8,322854103E2;3,298437500E1
8,323854103E2;3,298828125E1
8,324854103E2;3,298828125E1
8,325854103E2;3,298046875E1
8,326854103E2;3,292968750E1
8,327854103E2;3,300390625E1
8,328854103E2;3,303515625E1
8,329854103E2;3,304687500E1
8,330854103E2;3,296484375E1
8,331854103E2;3,299609375E1
8,332854103E2;3,300390625E1
8,333854103E2;3,300781250E1
8,334854103E2;3,298828125E1
8,335854103E2;3,299609375E1
8,336854103E2;3,298046875E1
8,337854103E2;3,300781250E1
8,338854103E2;3,300781250E1
8,339854103E2;3,300781250E1
8,340854103E2;3,298437500E1
8,341854103E2;3,300781250E1
8,342854103E2;3,301171875E1
8,343854103E2;3,299609375E1
8,344854103E2;3,297656250E1
8,345854103E2;3,297656250E1
8,346854103E2;3,299609375E1
8,347854103E2;3,299609375E1
8,348854103E2;3,306250000E1
8,349854103E2;3,297656250E1
8,350854103E2;3,300781250E1
8,351854103E2;3,298828125E1
8,352854103E2;3,300781250E1
8,353854103E2;3,299609375E1
8,354854103E2;3,301562500E1
8,355854103E2;3,303125000E1
8,356854103E2;3,305468750E1
8,357854103E2;3,297265625E1
8,358854103E2;3,298437500E1
8,359854103E2;3,298828125E1
8,360854103E2;3,295312500E1
8,361854103E2;3,301562500E1
8,362854103E2;3,301562500E1
8,363854103E2;3,303906250E1
8,364854103E2;3,301562500E1
8,365854103E2;3,297656250E1
8,366854103E2;3,300781250E1
8,367854103E2;3,305468750E1
8,368854103E2;3,300390625E1
8,369854103E2;3,297656250E1
8,370854103E2;3,301562500E1
8,371854103E2;3,298828125E1
8,372854103E2;3,300781250E1
8,373854103E2;3,296093750E1
8,374854103E2;3,301562500E1
8,375854103E2;3,298437500E1
8,376854103E2;3,296875000E1
8,377854103E2;3,299609375E1
8,378854103E2;3,299609375E1
8,379854103E2;3,298046875E1
8,380854103E2;3,298828125E1
8,381854103E2;3,298437500E1
8,382854103E2;3,298828125E1
8,383854103E2;3,302343750E1
8,384854103E2;3,299609375E1
8,385854103E2;3,302343750E1
8,386854103E2;3,295312500E1
8,387854103E2;3,304687500E1
8,388854103E2;3,301953125E1
8,389854103E2;3,302343750E1
8,390854103E2;3,299609375E1
8,391854103E2;3,301562500E1
8,392854103E2;3,299609375E1
8,393854103E2;3,301953125E1
8,394854103E2;3,298046875E1
8,395854103E2;3,303125000E1
8,396854103E2;3,298437500E1
8,397854103E2;3,296875000E1
8,398854103E2;3,300781250E1
8,399854103E2;3,294921875E1
8,400854103E2;3,298828125E1
8,401854103E2;3,303906250E1
8,402854103E2;3,300781250E1
8,403854103E2;3,294531250E1
8,404854103E2;3,298437500E1
8,405854103E2;3,298828125E1
8,406854103E2;3,301953125E1
8,407854103E2;3,299609375E1
8,408854103E2;3,300781250E1
8,409854103E2;3,301562500E1
8,410854103E2;3,298437500E1
8,411854103E2;3,298437500E1
8,412854103E2;3,303906250E1
8,413854103E2;3,299218750E1
8,414854103E2;3,303125000E1
8,415854103E2;3,298437500E1
8,416854103E2;3,297265625E1
8,417854103E2;3,302343750E1
8,418854103E2;3,297656250E1
8,419854103E2;3,303906250E1
8,420854103E2;3,301562500E1
8,421854103E2;3,298437500E1
8,422854103E2;3,303125000E1
8,423854103E2;3,301171875E1
8,424854103E2;3,303125000E1
8,425854103E2;3,302343750E1
8,426854103E2;3,298828125E1
8,427854103E2;3,300781250E1
8,428854103E2;3,300781250E1
8,429854103E2;3,299609375E1
8,430854103E2;3,302343750E1
8,431854103E2;3,302343750E1
8,432854103E2;3,303125000E1
8,433854103E2;3,292968750E1
8,434854103E2;3,298437500E1
8,435854103E2;3,298437500E1
8,436854103E2;3,302343750E1
8,437854103E2;3,298828125E1
8,438854103E2;3,303906250E1
8,439854103E2;3,305468750E1
8,440854103E2;3,301562500E1
8,441854103E2;3,296875000E1
8,442854103E2;3,297265625E1
8,443854103E2;3,299609375E1
8,444854103E2;3,298437500E1
8,445854103E2;3,301562500E1
8,446854103E2;3,299609375E1
8,447854103E2;3,296875000E1
8,448854103E2;3,305468750E1
8,449854103E2;3,298437500E1
8,450854103E2;3,304687500E1
8,451854103E2;3,296875000E1
8,452854103E2;3,302343750E1
8,453854103E2;3,302734375E1
8,454854103E2;3,294531250E1
8,455854103E2;3,298828125E1
8,456854103E2;3,302343750E1
8,457854103E2;3,300781250E1
8,458854103E2;3,295703125E1
8,459854103E2;3,302734375E1
8,460854103E2;3,301562500E1
8,461854103E2;3,301171875E1
8,462854103E2;3,301171875E1
8,463854103E2;3,301562500E1
8,464854103E2;3,302343750E1
8,465854103E2;3,303125000E1
8,466854103E2;3,298437500E1
8,467854103E2;3,296875000E1
8,468854103E2;3,299609375E1
8,469854103E2;3,302343750E1
8,470854103E2;3,303125000E1
8,471854103E2;3,302343750E1
8,472854103E2;3,299609375E1
8,473854103E2;3,300781250E1
8,474854103E2;3,298437500E1
8,475854103E2;3,298437500E1
8,476854103E2;3,300781250E1
8,477854103E2;3,300781250E1
8,478854103E2;3,301562500E1
8,479854103E2;3,303125000E1
8,480854103E2;3,300781250E1
8,481854103E2;3,298437500E1
8,482854103E2;3,300390625E1
8,483854103E2;3,300390625E1
8,484854103E2;3,298437500E1
8,485854103E2;3,305468750E1
8,486854103E2;3,299609375E1
8,487854103E2;3,298828125E1
8,488854103E2;3,304687500E1
8,489854103E2;3,298828125E1
8,490854103E2;3,303125000E1
8,491854103E2;3,303906250E1
8,492854103E2;3,297656250E1
8,493854103E2;3,308984375E1
8,494854103E2;3,303125000E1
8,495854103E2;3,303125000E1
8,496854103E2;3,298437500E1
8,497854103E2;3,300781250E1
8,498854103E2;3,304687500E1
8,499854103E2;3,305468750E1
8,500854103E2;3,301562500E1
8,501854103E2;3,298828125E1
8,502854103E2;3,303906250E1
8,503854103E2;3,300781250E1
8,504854103E2;3,305468750E1
8,505854103E2;3,302343750E1
8,506854103E2;3,306250000E1
8,507854103E2;3,302343750E1
8,508854103E2;3,302343750E1
8,509854103E2;3,299609375E1
8,510854103E2;3,300781250E1
8,511854103E2;3,304687500E1
8,512854103E2;3,302343750E1
8,513854103E2;3,301562500E1
8,514854103E2;3,302343750E1
8,515854103E2;3,301562500E1
8,516854103E2;3,302343750E1
8,517854103E2;3,302343750E1
8,518854103E2;3,304687500E1
8,519854103E2;3,302343750E1
8,520854103E2;3,302343750E1
8,521854103E2;3,302343750E1
8,522854103E2;3,303906250E1
8,523854103E2;3,303906250E1
8,524854103E2;3,304687500E1
8,525854103E2;3,297656250E1
8,526854103E2;3,299609375E1
8,527854103E2;3,304687500E1
8,528854103E2;3,307031250E1
8,529854103E2;3,305468750E1
8,530854103E2;3,304687500E1
8,531854103E2;3,304687500E1
8,532854103E2;3,306250000E1
8,533854103E2;3,308203125E1
8,534854103E2;3,303906250E1
8,535854103E2;3,303906250E1
8,536854103E2;3,303906250E1
8,537854103E2;3,306250000E1
8,538854103E2;3,308203125E1
8,539854103E2;3,301953125E1
8,540854103E2;3,305468750E1
8,541854103E2;3,309765625E1
8,542854103E2;3,305468750E1
8,543854103E2;3,305468750E1
8,544854103E2;3,307421875E1
8,545854103E2;3,306250000E1
8,546854103E2;3,311328125E1
8,547854103E2;3,307421875E1
8,548854103E2;3,307421875E1
8,549854103E2;3,307421875E1
8,550854103E2;3,307421875E1
8,551854103E2;3,307421875E1
8,552854103E2;3,307421875E1
8,553854103E2;3,311328125E1
8,554854103E2;3,308984375E1
8,555854103E2;3,308984375E1
8,556854103E2;3,311718750E1
8,557854103E2;3,311718750E1
8,558854103E2;3,308984375E1
8,559854103E2;3,308984375E1
8,560854103E2;3,309765625E1
8,561854103E2;3,305468750E1
8,562854103E2;3,308203125E1
8,563854103E2;3,308203125E1
8,564854103E2;3,308984375E1
8,565854103E2;3,309765625E1
8,566854103E2;3,308984375E1
8,567854103E2;3,311328125E1
8,568854103E2;3,308984375E1
8,569854103E2;3,311328125E1
8,570854103E2;3,311328125E1
8,571854103E2;3,309765625E1
8,572854103E2;3,308203125E1
8,573854103E2;3,308984375E1
8,574854103E2;3,309765625E1
8,575854103E2;3,309765625E1
8,576854103E2;3,308593750E1
8,577854103E2;3,311718750E1
8,578854103E2;3,309765625E1
8,579854103E2;3,308593750E1
8,580854103E2;3,310546875E1
8,581854103E2;3,311328125E1
8,582854103E2;3,310546875E1
8,583854103E2;3,305859375E1
8,584854103E2;3,310937500E1
8,585854103E2;3,309765625E1
8,586854103E2;3,311718750E1
8,587854103E2;3,311718750E1
8,588854103E2;3,311718750E1
8,589854103E2;3,311718750E1
8,590854103E2;3,311328125E1
8,591854103E2;3,311328125E1
8,592854103E2;3,308984375E1
8,593854103E2;3,311328125E1
8,594854103E2;3,311328125E1
8,595854103E2;3,309765625E1
8,596854103E2;3,309375000E1
8,597854103E2;3,310937500E1
8,598854103E2;3,310937500E1
8,599854103E2;3,308203125E1
8,600854103E2;3,311328125E1
8,601854103E2;3,314062500E1
8,602854103E2;3,314062500E1
8,603854103E2;3,312890625E1
8,604854103E2;3,314062500E1
8,605854103E2;3,312890625E1
8,606854103E2;3,316406250E1
8,607854103E2;3,316406250E1
8,608854103E2;3,316406250E1
8,609854103E2;3,316406250E1
8,610854103E2;3,312890625E1
8,611854103E2;3,318750000E1
8,612854103E2;3,312109375E1
8,613854103E2;3,317187500E1
8,614854103E2;3,316406250E1
8,615854103E2;3,315625000E1
8,616854103E2;3,318750000E1
8,617854103E2;3,316406250E1
8,618854103E2;3,316406250E1
8,619854103E2;3,314843750E1
8,620854103E2;3,319531250E1
8,621854103E2;3,319531250E1
8,622854103E2;3,317968750E1
8,623854103E2;3,319531250E1
8,624854103E2;3,318750000E1
8,625854103E2;3,321484375E1
8,626854103E2;3,319531250E1
8,627854103E2;3,323046875E1
8,628854103E2;3,324218750E1
8,629854103E2;3,322265625E1
8,630854103E2;3,323046875E1
8,631854103E2;3,323828125E1
8,632854103E2;3,324609375E1
8,633854103E2;3,331250000E1
8,634854103E2;3,330468750E1
8,635854103E2;3,331250000E1
8,636854103E2;3,327343750E1
8,637854103E2;3,321093750E1
8,638854103E2;3,329687500E1
8,639854103E2;3,332031250E1
8,640854103E2;3,331250000E1
8,641854103E2;3,332812500E1
8,642854103E2;3,334765625E1
8,643854103E2;3,331250000E1
8,644854103E2;3,335156250E1
8,645854103E2;3,333984375E1
8,646854103E2;3,335546875E1
8,647854103E2;3,338281250E1
8,648854103E2;3,332812500E1
8,649854103E2;3,337109375E1
8,650854103E2;3,335546875E1
8,651854103E2;3,337109375E1
8,652854103E2;3,337890625E1
8,653854103E2;3,339453125E1
8,654854103E2;3,341406250E1
8,655854103E2;3,340625000E1
8,656854103E2;3,337109375E1
8,657854103E2;3,338671875E1
8,658854103E2;3,342968750E1
8,659854103E2;3,336718750E1
8,660854103E2;3,342968750E1
8,661854103E2;3,339453125E1
8,662854103E2;3,345312500E1
8,663854103E2;3,342187500E1
8,664854103E2;3,347265625E1
8,665854103E2;3,342968750E1
8,666854103E2;3,343750000E1
8,667854103E2;3,348046875E1
8,668854103E2;3,342187500E1
8,669854103E2;3,343750000E1
8,670854103E2;3,343750000E1
8,671854103E2;3,346093750E1
8,672854103E2;3,342968750E1
8,673854103E2;3,344531250E1
8,674854103E2;3,344531250E1
8,675854103E2;3,347265625E1
8,676854103E2;3,345312500E1
8,677854103E2;3,346093750E1
8,678854103E2;3,345312500E1
8,679854103E2;3,345312500E1
8,680854103E2;3,345312500E1
8,681854103E2;3,351171875E1
8,682854103E2;3,350000000E1
8,683854103E2;3,348828125E1
8,684854103E2;3,346093750E1
8,685854103E2;3,352343750E1
8,686854103E2;3,347265625E1
8,687854103E2;3,354296875E1
8,688854103E2;3,348828125E1
8,689854103E2;3,350000000E1
8,690854103E2;3,346875000E1
8,691854103E2;3,353515625E1
8,692854103E2;3,347265625E1
8,693854103E2;3,354296875E1
8,694854103E2;3,352343750E1
8,695854103E2;3,348437500E1
8,696854103E2;3,353906250E1
8,697854103E2;3,353515625E1
8,698854103E2;3,348828125E1
8,699854103E2;3,353906250E1
8,700854103E2;3,353515625E1
8,701854103E2;3,350000000E1
8,702854103E2;3,351171875E1
8,703854103E2;3,355468750E1
8,704854103E2;3,352343750E1
8,705854103E2;3,349218750E1
8,706854103E2;3,351953125E1
8,707854103E2;3,352734375E1
8,708854103E2;3,344921875E1
8,709854103E2;3,348046875E1
8,710854103E2;3,349218750E1
8,711854103E2;3,353906250E1
8,712854103E2;3,352734375E1
8,713854103E2;3,354296875E1
8,714854103E2;3,355078125E1
8,715854103E2;3,348437500E1
8,716854103E2;3,353906250E1
8,717854103E2;3,352734375E1
8,718854103E2;3,355468750E1
8,719854103E2;3,349218750E1
8,720854103E2;3,353906250E1
8,721854103E2;3,350390625E1
8,722854103E2;3,351171875E1
8,723854103E2;3,355468750E1
8,724854103E2;3,350000000E1
8,725854103E2;3,352734375E1
8,726854103E2;3,352734375E1
8,727854103E2;3,354687500E1
8,728854103E2;3,355078125E1
8,729854103E2;3,352734375E1
8,730854103E2;3,349609375E1
8,731854103E2;3,351953125E1
8,732854103E2;3,352734375E1
8,733854103E2;3,351953125E1
8,734854103E2;3,350390625E1
8,735854103E2;3,355468750E1
8,736854103E2;3,355468750E1
8,737854103E2;3,350390625E1
8,738854103E2;3,351953125E1
8,739854103E2;3,352734375E1
8,740854103E2;3,348046875E1
8,741854103E2;3,352734375E1
8,742854103E2;3,348828125E1
8,743854103E2;3,357812500E1
8,744854103E2;3,357031250E1
8,745854103E2;3,357031250E1
8,746854103E2;3,352343750E1
8,747854103E2;3,351171875E1
8,748854103E2;3,357031250E1
8,749854103E2;3,351953125E1
8,750854103E2;3,352734375E1
8,751854103E2;3,350000000E1
8,752854103E2;3,347656250E1
8,753854103E2;3,351171875E1
8,754854103E2;3,350000000E1
8,755854103E2;3,351171875E1
8,756854103E2;3,352734375E1
8,757854103E2;3,350390625E1
8,758854103E2;3,353906250E1
8,759854103E2;3,351953125E1
8,760854103E2;3,352734375E1
8,761854103E2;3,351953125E1
8,762854103E2;3,357812500E1
8,763854103E2;3,356250000E1
8,764854103E2;3,354296875E1
8,765854103E2;3,356250000E1
8,766854103E2;3,353906250E1
8,767854103E2;3,359375000E1
8,768854103E2;3,354687500E1
8,769854103E2;3,352734375E1
8,770854103E2;3,358593750E1
8,771854103E2;3,358593750E1
8,772854103E2;3,353906250E1
8,773854103E2;3,358593750E1
8,774854103E2;3,354687500E1
8,775854103E2;3,358593750E1
8,776854103E2;3,359375000E1
8,777854103E2;3,354687500E1
8,778854103E2;3,359375000E1
8,779854103E2;3,357812500E1
8,780854103E2;3,357812500E1
8,781854103E2;3,356250000E1
8,782854103E2;3,359375000E1
8,783854103E2;3,360546875E1
8,784854103E2;3,358593750E1
8,785854103E2;3,355468750E1
8,786854103E2;3,357031250E1
8,787854103E2;3,359375000E1
8,788854103E2;3,357812500E1
8,789854103E2;3,359375000E1
8,790854103E2;3,358593750E1
8,791854103E2;3,357031250E1
8,792854103E2;3,362500000E1
8,793854103E2;3,357031250E1
8,794854103E2;3,359375000E1
8,795854103E2;3,361328125E1
8,796854103E2;3,363281250E1
8,797854103E2;3,362890625E1
8,798854103E2;3,364453125E1
8,799854103E2;3,367187500E1
8,800854103E2;3,360937500E1
8,801854103E2;3,357812500E1
8,802854103E2;3,362109375E1
8,803854103E2;3,357812500E1
8,804854103E2;3,361328125E1
8,805854103E2;3,359375000E1
8,806854103E2;3,363281250E1
8,807854103E2;3,362890625E1
8,808854103E2;3,358593750E1
8,809854103E2;3,362890625E1
8,810854103E2;3,360546875E1
8,811854103E2;3,363281250E1
8,812854103E2;3,361328125E1
8,813854103E2;3,363671875E1
8,814854103E2;3,361718750E1
8,815854103E2;3,362109375E1
8,816854103E2;3,365234375E1
8,817854103E2;3,362890625E1
8,818854103E2;3,364453125E1
8,819854103E2;3,367187500E1
8,820854103E2;3,368750000E1
8,821854103E2;3,366015625E1
8,822854103E2;3,366015625E1
8,823854103E2;3,364453125E1
8,824854103E2;3,365234375E1
8,825854103E2;3,363281250E1
8,826854103E2;3,363281250E1
8,827854103E2;3,361328125E1
8,828854103E2;3,358984375E1
8,829854103E2;3,364453125E1
8,830854103E2;3,360937500E1
8,831854103E2;3,365234375E1
8,832854103E2;3,366015625E1
8,833854103E2;3,362890625E1
8,834854103E2;3,364453125E1
8,835854103E2;3,362500000E1
8,836854103E2;3,362890625E1
8,837854103E2;3,366796875E1
8,838854103E2;3,364453125E1
8,839854103E2;3,361718750E1
8,840854103E2;3,360546875E1
8,841854103E2;3,364453125E1
8,842854103E2;3,362890625E1
8,843854103E2;3,363281250E1
8,844854103E2;3,362500000E1
8,845854103E2;3,366015625E1
8,846854103E2;3,364453125E1
8,847854103E2;3,364453125E1
8,848854103E2;3,364453125E1
8,849854103E2;3,361328125E1
8,850854103E2;3,363671875E1
8,851854103E2;3,365234375E1
8,852854103E2;3,364843750E1
8,853854103E2;3,364453125E1
8,854854103E2;3,363671875E1
8,855854103E2;3,362890625E1
8,856854103E2;3,366015625E1
8,857854103E2;3,363281250E1
8,858854103E2;3,365625000E1
8,859854103E2;3,365625000E1
8,860854103E2;3,368750000E1
8,861854103E2;3,364843750E1
8,862854103E2;3,363671875E1
8,863854103E2;3,362500000E1
8,864854103E2;3,361718750E1
8,865854103E2;3,359375000E1
8,866854103E2;3,365234375E1
8,867854103E2;3,363671875E1
8,868854103E2;3,364843750E1
8,869854103E2;3,366015625E1
8,870854103E2;3,364062500E1
8,871854103E2;3,364843750E1
8,872854103E2;3,362500000E1
8,873854103E2;3,359375000E1
8,874854103E2;3,360156250E1
8,875854103E2;3,362890625E1
8,876854103E2;3,362890625E1
8,877854103E2;3,362890625E1
8,878854103E2;3,362890625E1
8,879854103E2;3,362109375E1
8,880854103E2;3,359375000E1
8,881854103E2;3,360546875E1
8,882854103E2;3,362500000E1
8,883854103E2;3,362890625E1
8,884854103E2;3,359375000E1
8,885854103E2;3,361328125E1
8,886854103E2;3,363281250E1
8,887854103E2;3,360937500E1
8,888854103E2;3,360546875E1
8,889854103E2;3,361718750E1
8,890854103E2;3,356250000E1
8,891854103E2;3,360546875E1
8,892854103E2;3,360546875E1
8,893854103E2;3,360546875E1
8,894854103E2;3,362109375E1
8,895854103E2;3,359375000E1
8,896854103E2;3,361328125E1
8,897854103E2;3,361328125E1
8,898854103E2;3,360546875E1
8,899854103E2;3,356250000E1
8,900854103E2;3,354687500E1
8,901854103E2;3,359375000E1
8,902854103E2;3,359375000E1
8,903854103E2;3,356250000E1
8,904854103E2;3,358593750E1
8,905854103E2;3,357812500E1
8,906854103E2;3,352734375E1
8,907854103E2;3,355468750E1
8,908854103E2;3,359375000E1
8,909854103E2;3,353906250E1
8,910854103E2;3,346875000E1
8,911854103E2;3,351171875E1
8,912854103E2;3,354687500E1
8,913854103E2;3,356250000E1
8,914854103E2;3,351171875E1
8,915854103E2;3,351953125E1
8,916854103E2;3,357031250E1
8,917854103E2;3,350390625E1
8,918854103E2;3,353515625E1
8,919854103E2;3,351171875E1
8,920854103E2;3,353906250E1
8,921854103E2;3,348437500E1
8,922854103E2;3,352734375E1
8,923854103E2;3,348437500E1
8,924854103E2;3,348046875E1
8,925854103E2;3,354687500E1
8,926854103E2;3,355468750E1
8,927854103E2;3,351171875E1
8,928854103E2;3,347656250E1
8,929854103E2;3,356250000E1
8,930854103E2;3,346093750E1
8,931854103E2;3,346875000E1
8,932854103E2;3,348437500E1
8,933854103E2;3,349609375E1
8,934854103E2;3,351171875E1
8,935854103E2;3,354296875E1
8,936854103E2;3,351562500E1
8,937854103E2;3,349609375E1
8,938854103E2;3,349218750E1
8,939854103E2;3,351562500E1
8,940854103E2;3,351171875E1
8,941854103E2;3,349218750E1
8,942854103E2;3,350000000E1
8,943854103E2;3,351171875E1
8,944854103E2;3,345312500E1
8,945854103E2;3,348437500E1
8,946854103E2;3,348828125E1
8,947854103E2;3,351562500E1
8,948854103E2;3,351953125E1
8,949854103E2;3,350000000E1
8,950854103E2;3,349609375E1
8,951854103E2;3,344531250E1
8,952854103E2;3,344531250E1
8,953854103E2;3,350000000E1
8,954854103E2;3,347656250E1
8,955854103E2;3,347265625E1
8,956854103E2;3,348046875E1
8,957854103E2;3,344531250E1
8,958854103E2;3,350390625E1
8,959854103E2;3,347265625E1
8,960854103E2;3,347265625E1
8,961854103E2;3,345312500E1
8,962854103E2;3,343750000E1
8,963854103E2;3,347265625E1
8,964854103E2;3,343750000E1
8,965854103E2;3,350000000E1
8,966854103E2;3,349218750E1
8,967854103E2;3,350000000E1
8,968854103E2;3,348828125E1
8,969854103E2;3,350781250E1
8,970854103E2;3,348828125E1
8,971854103E2;3,352343750E1
8,972854103E2;3,350000000E1
8,973854103E2;3,350000000E1
8,974854103E2;3,352734375E1
8,975854103E2;3,350390625E1
8,976854103E2;3,346093750E1
8,977854103E2;3,348828125E1
8,978854103E2;3,353515625E1
8,979854103E2;3,348046875E1
8,980854103E2;3,348828125E1
8,981854103E2;3,348046875E1
8,982854103E2;3,344531250E1
8,983854103E2;3,351171875E1
8,984854103E2;3,356250000E1
8,985854103E2;3,352734375E1
8,986854103E2;3,351953125E1
8,987854103E2;3,354687500E1
8,988854103E2;3,355468750E1
8,989854103E2;3,356250000E1
8,990854103E2;3,354687500E1
8,991854103E2;3,355468750E1
8,992854103E2;3,350390625E1
8,993854103E2;3,355468750E1
8,994854103E2;3,353906250E1
8,995854103E2;3,354687500E1
8,996854103E2;3,353906250E1
8,997854103E2;3,354687500E1
8,998854103E2;3,357031250E1
8,999854103E2;3,351953125E1
9,000854103E2;3,354687500E1
9,001854103E2;3,351171875E1
9,002854103E2;3,354687500E1
9,003854103E2;3,351171875E1
9,004854103E2;3,348437500E1
9,005854103E2;3,351171875E1
9,006854103E2;3,351953125E1
9,007854103E2;3,357031250E1
9,008854103E2;3,353906250E1
9,009854103E2;3,356250000E1
9,010854103E2;3,352734375E1
9,011854103E2;3,358593750E1
9,012854103E2;3,353906250E1
9,013854103E2;3,352734375E1
9,014854103E2;3,351171875E1
9,015854103E2;3,350000000E1
9,016854103E2;3,355468750E1
9,017854103E2;3,351953125E1
9,018854103E2;3,351953125E1
9,019854103E2;3,356250000E1
9,020854103E2;3,353906250E1
9,021854103E2;3,352734375E1
9,022854103E2;3,353906250E1
9,023854103E2;3,356250000E1
9,024854103E2;3,351171875E1
9,025854103E2;3,354687500E1
9,026854103E2;3,349218750E1
9,027854103E2;3,351953125E1
9,028854103E2;3,359375000E1
9,029854103E2;3,357812500E1
9,030854103E2;3,359375000E1
9,031854103E2;3,353906250E1
9,032854103E2;3,351953125E1
9,033854103E2;3,352734375E1
9,034854103E2;3,356250000E1
9,035854103E2;3,357812500E1
9,036854103E2;3,356250000E1
9,037854103E2;3,355468750E1
9,038854103E2;3,358593750E1
9,039854103E2;3,356250000E1
9,040854103E2;3,355468750E1
9,041854103E2;3,356250000E1
9,042854103E2;3,351953125E1
9,043854103E2;3,355468750E1
9,044854103E2;3,354687500E1
9,045854103E2;3,350000000E1
9,046854103E2;3,355078125E1
9,047854103E2;3,354687500E1
9,048854103E2;3,348437500E1
9,049854103E2;3,350000000E1
9,050854103E2;3,353906250E1
9,051854103E2;3,351953125E1
9,052854103E2;3,349218750E1
9,053854103E2;3,350000000E1
9,054854103E2;3,355468750E1
9,055854103E2;3,351953125E1
9,056854103E2;3,356250000E1
9,057854103E2;3,355078125E1
9,058854103E2;3,351953125E1
9,059854103E2;3,350390625E1
9,060854103E2;3,351171875E1
9,061854103E2;3,351562500E1
9,062854103E2;3,347656250E1
9,063854103E2;3,348437500E1
9,064854103E2;3,352734375E1
9,065854103E2;3,350390625E1
9,066854103E2;3,353515625E1
9,067854103E2;3,345312500E1
9,068854103E2;3,347656250E1
9,069854103E2;3,351953125E1
9,070854103E2;3,350781250E1
9,071854103E2;3,350390625E1
9,072854103E2;3,350000000E1
9,073854103E2;3,348046875E1
9,074854103E2;3,350000000E1
9,075854103E2;3,349609375E1
9,076854103E2;3,348437500E1
9,077854103E2;3,353515625E1
9,078854103E2;3,346093750E1
9,079854103E2;3,348046875E1
9,080854103E2;3,347265625E1
9,081854103E2;3,350390625E1
9,082854103E2;3,348828125E1
9,083854103E2;3,344921875E1
9,084854103E2;3,343750000E1
9,085854103E2;3,348828125E1
9,086854103E2;3,344531250E1
9,087854103E2;3,348046875E1
9,088854103E2;3,345312500E1
9,089854103E2;3,345312500E1
9,090854103E2;3,348046875E1
9,091854103E2;3,345312500E1
9,092854103E2;3,343750000E1
9,093854103E2;3,341406250E1
9,094854103E2;3,344531250E1
9,095854103E2;3,347265625E1
9,096854103E2;3,342968750E1
9,097854103E2;3,347265625E1
9,098854103E2;3,352343750E1
9,099854103E2;3,351562500E1
9,100854103E2;3,348828125E1
9,101854103E2;3,352343750E1
9,102854103E2;3,348828125E1
9,103854103E2;3,348046875E1
9,104854103E2;3,348046875E1
